107.309  -5.484  -0.853  1.00 H
107.094  -6.125   0.778  1.00 H
105.174  -2.131   1.199  1.00 N
105.806  -0.813   1.510  1.00 C
105.443  -0.351   2.920  1.00 C
106.262   0.199   3.633  1.00 O
105.246   0.156   0.472  1.00 C
105.825  -0.185  -0.904  1.00 C
105.417   0.888  -1.916  1.00 C
103.906   0.829  -2.148  1.00 C
103.621   1.935  -3.103  1.00 N
104.449  -2.194   0.541  1.00 H
106.875  -0.879   1.406  1.00 H
104.170   0.066   0.448  1.00 H
105.519   1.165   0.738  1.00 H
106.902  -0.228  -0.839  1.00 H
105.446  -1.142  -1.225  1.00 H
105.686   1.862  -1.534  1.00 H
105.930   0.713  -2.850  1.00 H
103.630  -0.125  -2.578  1.00 H
103.377   0.994  -1.222  1.00 H
104.037   2.819  -2.747  1.00 H
102.592   2.055  -3.199  1.00 H
104.033   1.707  -4.031  1.00 H
104.218  -0.556   3.314  1.00 N
103.781  -0.115   4.675  1.00 C
104.429  -0.968   5.774  1.00 C
104.843  -0.458   6.798  1.00 O
102.262  -0.299   4.671  1.00 C
101.669   0.119   6.018  1.00 C
101.807   1.632   6.191  1.00 C
100.188  -0.268   6.055  1.00 C
103.580  -1.000   2.716  1.00 H
104.026   0.921   4.823  1.00 H
101.831   0.305   3.885  1.00 H
102.036  -1.339   4.488  1.00 H
102.196  -0.386   6.815  1.00 H
101.078   1.981   6.906  1.00 H
101.642   2.120   5.241  1.00 H
102.800   1.865   6.547  1.00 H
100.098  -1.332   6.219  1.00 H
 99.725  -0.009   5.114  1.00 H
 99.695   0.262   6.856  1.00 H
104.484  -2.261   5.585  1.00 N
105.066  -3.159   6.641  1.00 C
106.539  -3.482   6.366  1.00 C
107.355  -3.506   7.268  1.00 O
104.218  -4.436   6.571  1.00 C
104.709  -5.446   7.614  1.00 C
102.751  -4.098   6.852  1.00 C
104.118  -2.659   4.765  1.00 H
104.958  -2.717   7.615  1.00 H
104.306  -4.867   5.586  1.00 H
104.069  -6.316   7.602  1.00 H
104.681  -4.993   8.594  1.00 H
105.722  -5.740   7.383  1.00 H
102.661  -3.684   7.846  1.00 H
102.156  -4.996   6.782  1.00 H
102.401  -3.378   6.128  1.00 H
106.874  -3.740   5.135  1.00 N
108.285  -4.079   4.784  1.00 C
108.328  -5.467   4.143  1.00 C
109.117  -5.725   3.254  1.00 O
106.195  -3.714   4.431  1.00 H
108.668  -3.347   4.087  1.00 H
108.887  -4.079   5.678  1.00 H
107.477  -6.359   4.583  1.00 N
107.451  -7.733   4.000  1.00 C
106.008  -8.238   3.904  1.00 C
105.150  -7.827   4.663  1.00 O
108.257  -8.594   4.970  1.00 C
109.643  -8.441   4.698  1.00 O
106.847  -6.122   5.295  1.00 H
107.919  -7.735   3.031  1.00 H
108.058  -8.280   5.979  1.00 H
107.969  -9.632   4.854  1.00 H
110.010  -9.311   4.526  1.00 H
105.737  -9.132   2.984  1.00 N
104.349  -9.672   2.847  1.00 C
104.157 -10.926   3.719  1.00 C
103.118 -11.556   3.690  1.00 O
104.196 -10.024   1.362  1.00 C
105.170 -10.994   1.007  1.00 O
104.386  -8.772   0.505  1.00 C
106.447  -9.451   2.389  1.00 H
103.637  -8.918   3.120  1.00 H
103.207 -10.424   1.185  1.00 H
104.786 -11.864   1.141  1.00 H
103.438  -8.480   0.080  1.00 H
105.086  -8.984  -0.291  1.00 H
104.770  -7.965   1.114  1.00 H
105.155 -11.292   4.480  1.00 N
105.053 -12.508   5.349  1.00 C
104.075 -12.280   6.507  1.00 C
103.509 -13.217   7.041  1.00 O
106.465 -12.737   5.886  1.00 C
107.375 -13.207   4.748  1.00 C
108.802 -13.443   5.269  1.00 C
109.082 -13.066   6.397  1.00 O
109.593 -13.995   4.522  1.00 O
105.979 -10.768   4.478  1.00 H
104.746 -13.358   4.765  1.00 H
106.846 -11.816   6.294  1.00 H
106.439 -13.493   6.658  1.00 H
106.987 -14.125   4.338  1.00 H
107.399 -12.452   3.977  1.00 H
103.890 -11.049   6.914  1.00 N
102.964 -10.766   8.058  1.00 C
101.549 -11.245   7.733  1.00 C
100.866 -11.791   8.580  1.00 O
102.986  -9.245   8.231  1.00 C
104.369 -10.315   6.477  1.00 H
103.321 -11.243   8.957  1.00 H
103.345  -8.784   7.323  1.00 H
103.642  -8.986   9.050  1.00 H
101.988  -8.892   8.444  1.00 H
101.109 -11.053   6.517  1.00 N
 99.739 -11.500   6.138  1.00 C
 98.719 -10.454   6.590  1.00 C
 98.253  -9.651   5.804  1.00 O
101.680 -10.614   5.854  1.00 H
 99.683 -11.625   5.069  1.00 H
 99.521 -12.437   6.620  1.00 H
 98.373 -10.461   7.852  1.00 N
 97.384  -9.471   8.367  1.00 C
 97.902  -8.814   9.648  1.00 C
 98.452  -9.475  10.510  1.00 O
 96.126 -10.286   8.671  1.00 C
 95.027  -9.367   9.213  1.00 C
 93.833 -10.213   9.658  1.00 C
 94.323 -10.991  10.834  1.00 N
 93.490 -11.700  11.545  1.00 C
 92.989 -12.802  11.056  1.00 N
 93.158 -11.310  12.745  1.00 N
 98.767 -11.118   8.462  1.00 H
 97.173  -8.734   7.619  1.00 H
 95.781 -10.764   7.767  1.00 H
 96.358 -11.035   9.408  1.00 H
 95.408  -8.806  10.054  1.00 H
 94.712  -8.685   8.437  1.00 H
 93.010  -9.575   9.945  1.00 H
 93.534 -10.884   8.870  1.00 H
 95.274 -10.971  11.075  1.00 H
 93.245 -13.104  10.138  1.00 H
 92.351 -13.346  11.601  1.00 H
 93.545 -10.467  13.120  1.00 H
 92.520 -11.853  13.290  1.00 H
 97.711  -7.525   9.792  1.00 N
 98.175  -6.842  11.037  1.00 C
 96.982  -6.193  11.749  1.00 C
 96.327  -5.319  11.215  1.00 O
 99.185  -5.787  10.574  1.00 C
 99.725  -5.023  11.786  1.00 C
100.346  -6.476   9.853  1.00 C
 97.249  -7.015   9.090  1.00 H
 98.653  -7.553  11.689  1.00 H
 98.699  -5.095   9.900  1.00 H
 98.947  -4.393  12.192  1.00 H
100.561  -4.412  11.482  1.00 H
100.048  -5.726  12.539  1.00 H
100.645  -7.354  10.408  1.00 H
101.181  -5.795   9.783  1.00 H
100.033  -6.766   8.861  1.00 H
 96.689  -6.641  12.941  1.00 N
 95.525  -6.086  13.695  1.00 C
 95.880  -4.759  14.370  1.00 C
 97.025  -4.357  14.423  1.00 O
 95.188  -7.147  14.746  1.00 C
 94.615  -8.398  14.073  1.00 C
 94.091  -8.278  12.979  1.00 O
 94.715  -9.460  14.665  1.00 O
 97.219  -7.371  13.321  1.00 H
 94.694  -5.943  13.031  1.00 H
 96.086  -7.409  15.284  1.00 H
 94.461  -6.748  15.438  1.00 H
 94.880  -4.086  14.890  1.00 N
 95.083  -2.776  15.595  1.00 C
 95.707  -1.723  14.672  1.00 C
 96.544  -0.942  15.087  1.00 O
 96.005  -3.073  16.785  1.00 C
 95.313  -4.052  17.737  1.00 C
 94.106  -4.192  17.716  1.00 O
 96.034  -4.745  18.576  1.00 N
 93.975  -4.457  14.824  1.00 H
 94.141  -2.411  15.965  1.00 H
 96.926  -3.504  16.431  1.00 H
 96.218  -2.154  17.311  1.00 H
 97.007  -4.635  18.592  1.00 H
 95.602  -5.375  19.190  1.00 H
 95.286  -1.684  13.435  1.00 N
 95.836  -0.662  12.492  1.00 C
 95.043   0.638  12.643  1.00 C
 93.827   0.634  12.565  1.00 O
 95.637  -1.241  11.090  1.00 C
 96.157  -0.246  10.038  1.00 C
 96.395  -2.570  10.964  1.00 C
 94.604  -2.324  13.143  1.00 H
 96.882  -0.506  12.687  1.00 H
 94.586  -1.411  10.925  1.00 H
 97.118  -0.574   9.671  1.00 H
 96.259   0.735  10.484  1.00 H
 95.457  -0.193   9.218  1.00 H
 95.765  -3.293  10.470  1.00 H
 96.656  -2.935  11.948  1.00 H
 97.295  -2.423  10.386  1.00 H
 95.709   1.748  12.857  1.00 N
 94.960   3.029  13.008  1.00 C
 94.728   3.668  11.638  1.00 C
 95.580   3.653  10.770  1.00 O
 95.811   3.922  13.910  1.00 C
 95.789   3.375  15.336  1.00 C
 96.802   2.943  15.850  1.00 O
 94.668   3.380  16.004  1.00 N
 96.688   1.732  12.916  1.00 H
 94.009   2.820  13.464  1.00 H
 96.826   3.936  13.543  1.00 H
 95.410   4.926  13.904  1.00 H
 93.853   3.732  15.589  1.00 H
 94.641   3.033  16.919  1.00 H
 93.561   4.219  11.451  1.00 N
 93.210   4.862  10.152  1.00 C
 92.437   6.164  10.387  1.00 C
 91.658   6.269  11.315  1.00 O
 92.323   3.834   9.433  1.00 C
 91.115   3.495  10.278  1.00 C
 91.185   2.443  11.198  1.00 C
 89.930   4.226  10.136  1.00 C
 90.070   2.121  11.979  1.00 C
 88.814   3.904  10.918  1.00 C
 88.884   2.852  11.839  1.00 C
 87.783   2.535  12.609  1.00 O
 92.908   4.201  12.179  1.00 H
 94.090   5.038   9.557  1.00 H
 91.994   4.244   8.490  1.00 H
 92.895   2.936   9.251  1.00 H
 92.100   1.881  11.306  1.00 H
 89.877   5.037   9.425  1.00 H
 90.127   1.309  12.689  1.00 H
 87.898   4.468  10.810  1.00 H
 87.493   3.334  13.054  1.00 H
 92.653   7.157   9.558  1.00 N
 91.931   8.456   9.743  1.00 C
 91.597   9.103   8.393  1.00 C
 92.386   9.070   7.469  1.00 O
 92.900   9.345  10.535  1.00 C
 93.189   8.703  11.893  1.00 C
 94.215   9.503   9.761  1.00 C
 93.293   7.050   8.820  1.00 H
 91.030   8.304  10.316  1.00 H
 92.451  10.316  10.685  1.00 H
 93.543   9.459  12.579  1.00 H
 93.943   7.939  11.778  1.00 H
 92.284   8.261  12.281  1.00 H
 94.567   8.531   9.447  1.00 H
 94.954   9.965  10.398  1.00 H
 94.050  10.123   8.892  1.00 H
 90.437   9.709   8.285  1.00 N
 90.055  10.383   7.007  1.00 C
 90.849  11.673   6.848  1.00 C
 90.972  12.452   7.776  1.00 O
 88.569  10.720   7.137  1.00 C
 88.040  11.194   5.784  1.00 C
 86.534  11.439   5.877  1.00 C
 86.064  12.057   6.811  1.00 O
 85.752  10.977   4.942  1.00 N
 89.825   9.732   9.050  1.00 H
 90.218   9.741   6.157  1.00 H
 88.025   9.853   7.450  1.00 H
 88.441  11.509   7.863  1.00 H
 88.539  12.110   5.506  1.00 H
 88.234  10.437   5.036  1.00 H
 86.132  10.477   4.187  1.00 H
 84.783  11.129   4.993  1.00 H
 91.374  11.911   5.678  1.00 N
 92.146  13.162   5.451  1.00 C
 91.675  13.823   4.152  1.00 C
 90.884  13.258   3.420  1.00 O
 93.614  12.730   5.354  1.00 C
 94.046  12.104   6.683  1.00 C
 93.787  11.706   4.221  1.00 C
 91.250  11.274   4.945  1.00 H
 92.006  13.812   6.299  1.00 H
 94.227  13.596   5.153  1.00 H
 95.117  12.195   6.793  1.00 H
 93.770  11.061   6.697  1.00 H
 93.555  12.617   7.498  1.00 H
 92.853  11.592   3.692  1.00 H
 94.085  10.751   4.632  1.00 H
 94.547  12.053   3.536  1.00 H
 92.146  15.007   3.860  1.00 N
 91.715  15.695   2.601  1.00 C
 92.097  14.856   1.375  1.00 C
 93.076  14.133   1.385  1.00 O
 92.462  17.030   2.592  1.00 C
 91.904  17.949   3.684  1.00 C
 90.744  17.794   4.034  1.00 O
 92.646  18.799   4.148  1.00 O
 92.782  15.444   4.467  1.00 H
 90.654  15.871   2.617  1.00 H
 93.510  16.852   2.773  1.00 H
 92.339  17.504   1.629  1.00 H
 91.327  14.950   0.321  1.00 N
 91.627  14.166  -0.922  1.00 C
 93.004  14.537  -1.472  1.00 C
 93.732  13.695  -1.964  1.00 O
 90.541  14.564  -1.921  1.00 C
 90.752  13.813  -3.243  1.00 C
 89.405  13.539  -3.908  1.00 C
 91.616  14.667  -4.177  1.00 C
 90.544  15.540   0.338  1.00 H
 91.570  13.109  -0.725  1.00 H
 89.571  14.319  -1.516  1.00 H
 90.601  15.624  -2.100  1.00 H
 91.252  12.875  -3.047  1.00 H
 89.570  13.172  -4.911  1.00 H
 88.831  14.453  -3.949  1.00 H
 88.864  12.799  -3.338  1.00 H
 92.647  14.358  -4.094  1.00 H
 91.528  15.707  -3.900  1.00 H
 91.282  14.537  -5.196  1.00 H
 93.353  15.797  -1.418  1.00 N
 94.674  16.240  -1.965  1.00 C
 95.813  15.416  -1.355  1.00 C
 96.763  15.081  -2.027  1.00 O
 94.803  17.707  -1.563  1.00 C
 93.783  18.461  -2.204  1.00 O
 92.733  16.452  -1.033  1.00 H
 94.683  16.154  -3.038  1.00 H
 94.694  17.798  -0.498  1.00 H
 95.777  18.076  -1.857  1.00 H
 92.962  18.312  -1.730  1.00 H
 95.721  15.091  -0.095  1.00 N
 96.798  14.281   0.562  1.00 C
 96.959  12.919  -0.121  1.00 C
 98.061  12.447  -0.310  1.00 O
 96.355  14.105   2.015  1.00 C
 96.471  15.442   2.749  1.00 C
 95.496  15.954   3.262  1.00 O
 97.633  16.032   2.826  1.00 N
 94.944  15.376   0.427  1.00 H
 97.730  14.813   0.530  1.00 H
 95.331  13.768   2.038  1.00 H
 96.988  13.375   2.499  1.00 H
 98.421  15.617   2.415  1.00 H
 97.718  16.887   3.294  1.00 H
 95.875  12.289  -0.502  1.00 N
 95.978  10.960  -1.189  1.00 C
 96.781  11.094  -2.482  1.00 C
 97.694  10.332  -2.739  1.00 O
 94.539  10.558  -1.517  1.00 C
 93.881   9.522  -0.189  1.00 S
 94.998  12.702  -0.359  1.00 H
 96.428  10.219  -0.546  1.00 H
 93.931  11.444  -1.616  1.00 H
 94.523  10.005  -2.446  1.00 H
 96.436  12.051  -3.299  1.00 N
 97.163  12.240  -4.592  1.00 C
 98.589  12.743  -4.331  1.00 C
 99.530  12.322  -4.978  1.00 O
 96.331  13.267  -5.369  1.00 C
 94.926  12.708  -5.604  1.00 C
 96.979  13.561  -6.723  1.00 C
 94.027  13.802  -6.182  1.00 C
 95.683  12.638  -3.072  1.00 H
 97.192  11.310  -5.135  1.00 H
 96.263  14.177  -4.799  1.00 H
 94.982  11.883  -6.299  1.00 H
 94.513  12.362  -4.668  1.00 H
 96.564  12.900  -7.469  1.00 H
 98.045  13.409  -6.658  1.00 H
 96.776  14.586  -7.000  1.00 H
 94.160  13.847  -7.253  1.00 H
 94.291  14.753  -5.745  1.00 H
 92.995  13.575  -5.957  1.00 H
 98.755  13.634  -3.386  1.00 N
100.123  14.163  -3.077  1.00 C
101.033  13.030  -2.588  1.00 C
102.196  12.963  -2.936  1.00 O
 99.915  15.194  -1.966  1.00 C
 99.195  16.424  -2.528  1.00 C
 99.199  16.655  -3.721  1.00 O
 98.574  17.229  -1.710  1.00 N
 97.979  13.953  -2.875  1.00 H
100.546  14.639  -3.944  1.00 H
 99.319  14.757  -1.182  1.00 H
100.874  15.491  -1.567  1.00 H
 98.571  17.045  -0.748  1.00 H
 98.110  18.019  -2.059  1.00 H
100.506  12.143  -1.785  1.00 N
101.326  11.010  -1.265  1.00 C
101.658  10.057  -2.412  1.00 C
102.766   9.567  -2.523  1.00 O
 99.567  12.223  -1.522  1.00 H
102.242  11.395  -0.837  1.00 H
100.768  10.478  -0.510  1.00 H
100.700   9.792  -3.262  1.00 N
100.945   8.866  -4.409  1.00 C
102.027   9.438  -5.333  1.00 C
102.871   8.715  -5.831  1.00 O
 99.607   8.770  -5.146  1.00 C
 99.817  10.201  -3.142  1.00 H
101.235   7.893  -4.046  1.00 H
 99.226   9.762  -5.334  1.00 H
 98.900   8.222  -4.540  1.00 H
 99.748   8.255  -6.085  1.00 H
102.006  10.727  -5.564  1.00 N
103.030  11.350  -6.458  1.00 C
103.043  12.873  -6.282  1.00 C
102.382  13.352  -5.376  1.00 O
102.598  10.971  -7.880  1.00 C
101.191  11.510  -8.171  1.00 C
100.611  12.209  -7.363  1.00 O
100.612  11.206  -9.301  1.00 N
103.710  13.533  -7.060  1.00 O
101.315  11.285  -5.151  1.00 H
104.005  10.942  -6.249  1.00 H
103.297  11.393  -8.589  1.00 H
102.596   9.895  -7.978  1.00 H
101.076  10.642  -9.952  1.00 H
 99.713  11.544  -9.497  1.00 H
 90.683  -2.637  13.584  1.00 N
 90.433  -3.563  12.440  1.00 C
 91.745  -4.172  11.927  1.00 C
 92.826  -3.836  12.384  1.00 O
 89.768  -2.709  11.355  1.00 C
 88.430  -2.159  11.874  1.00 C
 90.695  -1.547  10.972  1.00 C
 91.403  -1.973  13.527  1.00 H
 89.763  -4.340  12.752  1.00 H
 89.585  -3.323  10.485  1.00 H
 88.206  -2.591  12.838  1.00 H
 87.644  -2.414  11.178  1.00 H
 88.488  -1.084  11.967  1.00 H
 91.692  -1.747  11.334  1.00 H
 90.329  -0.631  11.413  1.00 H
 90.717  -1.445   9.898  1.00 H
 91.643  -5.079  10.990  1.00 N
 92.858  -5.742  10.429  1.00 C
 93.038  -5.374   8.951  1.00 C
 92.088  -5.062   8.261  1.00 O
 92.577  -7.236  10.567  1.00 C
 91.433  -7.573   9.794  1.00 O
 90.759  -5.336  10.664  1.00 H
 93.730  -5.481  11.002  1.00 H
 93.425  -7.798  10.211  1.00 H
 92.403  -7.473  11.609  1.00 H
 90.787  -7.976  10.379  1.00 H
 94.254  -5.416   8.463  1.00 N
 94.511  -5.078   7.030  1.00 C
 95.137  -6.270   6.301  1.00 C
 95.850  -7.060   6.886  1.00 O
 95.496  -3.901   7.053  1.00 C
 96.795  -4.304   7.763  1.00 C
 94.863  -2.722   7.791  1.00 C
 97.868  -3.250   7.483  1.00 C
 95.004  -5.672   9.040  1.00 H
 93.609  -4.770   6.524  1.00 H
 95.718  -3.607   6.037  1.00 H
 96.621  -4.370   8.827  1.00 H
 97.130  -5.260   7.388  1.00 H
 94.441  -3.067   8.725  1.00 H
 94.084  -2.292   7.181  1.00 H
 95.619  -1.979   7.990  1.00 H
 98.279  -3.411   6.496  1.00 H
 98.654  -3.332   8.219  1.00 H
 97.427  -2.266   7.533  1.00 H
 94.882  -6.389   5.026  1.00 N
 95.459  -7.510   4.227  1.00 C
 95.699  -7.020   2.800  1.00 C
 95.544  -5.846   2.514  1.00 O
 94.398  -8.609   4.241  1.00 C
 93.116  -8.026   4.051  1.00 O
 94.308  -5.735   4.575  1.00 H
 96.377  -7.864   4.670  1.00 H
 94.591  -9.308   3.439  1.00 H
 94.434  -9.131   5.188  1.00 H
 92.543  -8.332   4.759  1.00 H
 96.049  -7.899   1.896  1.00 N
 96.263  -7.463   0.487  1.00 C
 95.732  -8.522  -0.489  1.00 C
 95.859  -9.709  -0.250  1.00 O
 97.779  -7.282   0.345  1.00 C
 98.496  -8.583   0.618  1.00 C
 98.902  -8.900   1.920  1.00 C
 98.768  -9.466  -0.434  1.00 C
 99.577 -10.100   2.169  1.00 C
 99.442 -10.667  -0.185  1.00 C
 99.848 -10.984   1.116  1.00 C
100.515 -12.166   1.362  1.00 O
 96.145  -8.842   2.137  1.00 H
 95.776  -6.516   0.338  1.00 H
 98.007  -6.955  -0.659  1.00 H
 98.117  -6.534   1.049  1.00 H
 98.692  -8.218   2.733  1.00 H
 98.454  -9.221  -1.439  1.00 H
 99.891 -10.344   3.172  1.00 H
 99.650 -11.348  -0.997  1.00 H
101.428 -12.054   1.088  1.00 H
 95.148  -8.103  -1.586  1.00 N
 94.620  -9.083  -2.576  1.00 C
 95.043  -8.681  -3.999  1.00 C
 95.197  -7.509  -4.281  1.00 O
 93.099  -9.013  -2.433  1.00 C
 92.625 -10.032  -1.391  1.00 C
 93.401 -10.357  -0.505  1.00 O
 91.491 -10.472  -1.496  1.00 O
 95.060  -7.142  -1.759  1.00 H
 94.961 -10.077  -2.347  1.00 H
 92.816  -8.020  -2.118  1.00 H
 92.638  -9.234  -3.384  1.00 H
 95.207  -9.662  -4.863  1.00 N
 95.600  -9.367  -6.262  1.00 C
 94.392  -8.894  -7.089  1.00 C
 94.515  -8.587  -8.260  1.00 O
 96.117 -10.706  -6.779  1.00 C
 95.443 -11.748  -5.939  1.00 C
 95.052 -11.108  -4.630  1.00 C
 96.390  -8.634  -6.288  1.00 H
 95.850 -10.831  -7.820  1.00 H
 97.187 -10.768  -6.655  1.00 H
 94.563 -12.114  -6.448  1.00 H
 96.124 -12.564  -5.753  1.00 H
 94.024 -11.345  -4.389  1.00 H
 95.711 -11.429  -3.840  1.00 H
 93.226  -8.834  -6.488  1.00 N
 92.003  -8.386  -7.224  1.00 C
 92.050  -6.876  -7.507  1.00 C
 91.315  -6.383  -8.345  1.00 O
 90.834  -8.749  -6.299  1.00 C
 89.514  -8.350  -6.954  1.00 C
 90.978  -8.021  -4.954  1.00 C
 89.211  -9.295  -8.120  1.00 C
 93.151  -9.084  -5.546  1.00 H
 91.914  -8.906  -8.163  1.00 H
 90.840  -9.816  -6.125  1.00 H
 88.723  -8.412  -6.221  1.00 H
 89.588  -7.339  -7.318  1.00 H
 90.862  -8.732  -4.149  1.00 H
 90.220  -7.258  -4.871  1.00 H
 91.956  -7.565  -4.890  1.00 H
 89.296 -10.318  -7.786  1.00 H
 89.917  -9.117  -8.919  1.00 H
 88.208  -9.114  -8.479  1.00 H
 92.915  -6.143  -6.854  1.00 N
 93.008  -4.679  -7.132  1.00 C
 94.369  -4.333  -7.740  1.00 C
 95.185  -3.644  -7.166  1.00 O
 92.752  -3.957  -5.808  1.00 C
 91.373  -4.317  -5.303  1.00 C
 90.253  -4.136  -6.128  1.00 C
 91.215  -4.840  -4.015  1.00 C
 88.976  -4.478  -5.662  1.00 C
 89.939  -5.181  -3.550  1.00 C
 88.823  -5.002  -4.371  1.00 C
 87.573  -5.351  -3.908  1.00 O
 93.524  -6.556  -6.211  1.00 H
 92.296  -4.381  -7.876  1.00 H
 93.494  -4.258  -5.083  1.00 H
 92.810  -2.888  -5.963  1.00 H
 90.374  -3.732  -7.122  1.00 H
 92.078  -4.982  -3.381  1.00 H
 88.111  -4.338  -6.300  1.00 H
 89.814  -5.580  -2.556  1.00 H
 87.255  -6.087  -4.437  1.00 H
 94.563  -4.794  -8.950  1.00 N
 95.807  -4.510  -9.724  1.00 C
 95.485  -3.473 -10.802  1.00 C
 94.347  -3.089 -10.997  1.00 O
 96.247  -5.842 -10.331  1.00 C
 93.853  -5.329  -9.366  1.00 H
 96.589  -4.070  -9.129  1.00 H
 96.867  -5.657 -11.195  1.00 H
 95.375  -6.406 -10.629  1.00 H
 96.807  -6.404  -9.599  1.00 H
 96.502  -2.961 -11.441  1.00 N
 96.311  -1.870 -12.449  1.00 C
 95.409  -2.258 -13.625  1.00 C
 94.728  -1.400 -14.161  1.00 O
 97.719  -1.521 -12.949  1.00 C
 97.412  -3.251 -11.219  1.00 H
 95.891  -1.011 -11.952  1.00 H
 97.866  -0.453 -12.891  1.00 H
 97.830  -1.843 -13.974  1.00 H
 98.456  -2.018 -12.337  1.00 H
 95.416  -3.489 -14.089  1.00 N
 94.570  -3.802 -15.288  1.00 C
 93.142  -4.209 -14.906  1.00 C
 92.400  -4.719 -15.726  1.00 O
 95.295  -4.934 -16.015  1.00 C
 96.588  -4.404 -16.649  1.00 C
 96.659  -3.214 -16.915  1.00 O
 97.487  -5.202 -16.859  1.00 O
 95.997  -4.180 -13.706  1.00 H
 94.553  -2.922 -15.899  1.00 H
 95.534  -5.714 -15.311  1.00 H
 94.654  -5.330 -16.789  1.00 H
 92.749  -3.983 -13.683  1.00 N
 91.365  -4.346 -13.249  1.00 C
 90.360  -3.337 -13.802  1.00 C
 90.462  -2.149 -13.552  1.00 O
 91.393  -4.267 -11.721  1.00 C
 90.013  -4.640 -11.166  1.00 C
 89.754  -6.130 -11.401  1.00 C
 89.965  -4.340  -9.666  1.00 C
 93.359  -3.572 -13.043  1.00 H
 91.093  -5.347 -13.546  1.00 H
 92.135  -4.955 -11.339  1.00 H
 91.641  -3.261 -11.416  1.00 H
 89.255  -4.061 -11.674  1.00 H
 89.016  -6.482 -10.696  1.00 H
 90.673  -6.681 -11.267  1.00 H
 89.389  -6.278 -12.407  1.00 H
 89.441  -5.132  -9.155  1.00 H
 89.451  -3.405  -9.505  1.00 H
 90.971  -4.268  -9.283  1.00 H
 89.389  -3.801 -14.542  1.00 N
 88.372  -2.866 -15.101  1.00 C
 87.558  -2.252 -13.962  1.00 C
 87.183  -2.921 -13.018  1.00 O
 87.487  -3.707 -16.018  1.00 C
 88.216  -4.057 -17.187  1.00 O
 89.336  -4.762 -14.723  1.00 H
 88.862  -2.088 -15.660  1.00 H
 87.190  -4.604 -15.505  1.00 H
 86.605  -3.139 -16.286  1.00 H
 88.838  -4.749 -16.952  1.00 H
 87.301  -0.977 -14.046  1.00 N
 86.525  -0.282 -12.971  1.00 C
 85.091  -0.821 -12.881  1.00 C
 84.421  -0.632 -11.884  1.00 O
 86.518   1.196 -13.364  1.00 C
 87.953   1.727 -13.368  1.00 C
 88.589   1.763 -11.672  1.00 S
 87.555   3.119 -11.065  1.00 C
 87.639  -0.469 -14.815  1.00 H
 87.023  -0.401 -12.022  1.00 H
 86.092   1.305 -14.350  1.00 H
 85.931   1.756 -12.653  1.00 H
 88.575   1.083 -13.970  1.00 H
 87.966   2.727 -13.778  1.00 H
 88.081   3.650 -10.285  1.00 H
 86.629   2.717 -10.674  1.00 H
 87.335   3.798 -11.874  1.00 H
 84.603  -1.473 -13.907  1.00 N
 83.206  -2.004 -13.875  1.00 C
 83.105  -3.227 -12.959  1.00 C
 82.020  -3.623 -12.576  1.00 O
 85.148  -1.602 -14.712  1.00 H
 82.543  -1.236 -13.507  1.00 H
 82.908  -2.285 -14.874  1.00 H
 84.210  -3.838 -12.613  1.00 N
 84.157  -5.047 -11.736  1.00 C
 84.191  -4.668 -10.248  1.00 C
 83.906  -5.489  -9.395  1.00 O
 85.391  -5.862 -12.113  1.00 C
 85.216  -6.401 -13.418  1.00 O
 85.071  -3.515 -12.941  1.00 H
 83.271  -5.612 -11.953  1.00 H
 86.258  -5.225 -12.107  1.00 H
 85.526  -6.662 -11.397  1.00 H
 85.206  -7.358 -13.345  1.00 H
 84.532  -3.443  -9.924  1.00 N
 84.575  -3.035  -8.490  1.00 C
 83.197  -2.491  -8.087  1.00 C
 82.417  -2.114  -8.934  1.00 O
 85.671  -1.956  -8.432  1.00 C
 85.274  -0.747  -9.294  1.00 C
 85.901  -1.505  -6.988  1.00 C
 84.757  -2.799 -10.618  1.00 H
 84.837  -3.890  -7.890  1.00 H
 86.586  -2.372  -8.821  1.00 H
 85.343   0.159  -8.709  1.00 H
 84.262  -0.869  -9.649  1.00 H
 85.944  -0.678 -10.140  1.00 H
 84.966  -1.493  -6.457  1.00 H
 86.327  -0.513  -6.989  1.00 H
 86.584  -2.186  -6.507  1.00 H
 82.886  -2.459  -6.811  1.00 N
 81.542  -1.945  -6.362  1.00 C
 81.232  -0.592  -7.025  1.00 C
 80.131  -0.345  -7.471  1.00 O
 81.662  -1.786  -4.844  1.00 C
 83.531  -2.782  -6.149  1.00 H
 80.770  -2.661  -6.597  1.00 H
 81.762  -0.740  -4.596  1.00 H
 82.532  -2.323  -4.493  1.00 H
 80.778  -2.186  -4.369  1.00 H
 82.213   0.264  -7.112  1.00 N
 82.007   1.592  -7.774  1.00 C
 82.039   1.385  -9.298  1.00 C
 83.087   1.472  -9.910  1.00 O
 83.206   2.446  -7.322  1.00 C
 82.623   3.970  -6.535  1.00 S
 83.094   0.020  -6.751  1.00 H
 81.076   2.052  -7.464  1.00 H
 83.802   1.887  -6.615  1.00 H
 83.814   2.698  -8.180  1.00 H
 80.915   1.066  -9.912  1.00 N
 80.927   0.801 -11.388  1.00 C
 80.454   2.007 -12.218  1.00 C
 81.265   2.741 -12.752  1.00 O
 79.988  -0.391 -11.587  1.00 C
 80.503  -1.519 -10.898  1.00 O
 80.083   0.959  -9.405  1.00 H
 81.919   0.523 -11.697  1.00 H
 79.013  -0.158 -11.197  1.00 H
 79.909  -0.611 -12.645  1.00 H
 80.039  -1.594 -10.061  1.00 H
 79.160   2.200 -12.368  1.00 N
 78.676   3.341 -13.208  1.00 C
 77.489   4.078 -12.585  1.00 C
 76.880   4.918 -13.222  1.00 O
 78.252   2.692 -14.523  1.00 C
 79.490   2.408 -15.374  1.00 C
 79.725   1.284 -15.772  1.00 O
 80.299   3.388 -15.671  1.00 N
 78.520   1.590 -11.950  1.00 H
 79.482   4.021 -13.398  1.00 H
 77.736   1.766 -14.316  1.00 H
 77.594   3.360 -15.060  1.00 H
 80.108   4.295 -15.349  1.00 H
 81.096   3.218 -16.217  1.00 H
 77.156   3.788 -11.360  1.00 N
 76.008   4.490 -10.712  1.00 C
 76.411   5.936 -10.430  1.00 C
 77.210   6.516 -11.141  1.00 O
 77.665   3.119 -10.861  1.00 H
 75.152   4.473 -11.371  1.00 H
 75.760   3.999  -9.783  1.00 H
 75.892   6.506  -9.378  1.00 N
 76.266   7.906  -9.010  1.00 C
 77.757   7.967  -8.683  1.00 C
 78.436   8.915  -9.034  1.00 O
 75.440   8.229  -7.764  1.00 C
 73.965   8.366  -8.146  1.00 C
 73.653   9.261  -8.914  1.00 O
 73.173   7.572  -7.667  1.00 O
 75.279   6.003  -8.800  1.00 H
 76.031   8.605  -9.794  1.00 H
 75.553   7.432  -7.045  1.00 H
 75.786   9.157  -7.333  1.00 H
 78.267   6.975  -8.004  1.00 N
 79.717   6.982  -7.638  1.00 C
 80.551   6.210  -8.667  1.00 C
 81.724   5.979  -8.454  1.00 O
 79.801   6.287  -6.278  1.00 C
 78.902   6.975  -5.290  1.00 C
 79.105   8.283  -4.880  1.00 N
 77.778   6.545  -4.638  1.00 C
 78.120   8.592  -4.017  1.00 C
 77.282   7.567  -3.835  1.00 N
 77.696   6.229  -7.722  1.00 H
 80.075   7.994  -7.550  1.00 H
 79.494   5.259  -6.384  1.00 H
 80.821   6.322  -5.919  1.00 H
 79.832   8.875  -5.166  1.00 H
 77.351   5.555  -4.732  1.00 H
 78.018   9.553  -3.532  1.00 H
 79.970   5.807  -9.780  1.00 N
 80.758   5.048 -10.809  1.00 C
 82.020   5.828 -11.175  1.00 C
 81.973   6.999 -11.500  1.00 O
 79.025   6.005  -9.943  1.00 H
 81.042   4.085 -10.405  1.00 H
 80.165   4.903 -11.694  1.00 H
 83.143   5.180 -11.094  1.00 N
 84.434   5.852 -11.402  1.00 C
 84.952   5.466 -12.795  1.00 C
 85.883   6.065 -13.301  1.00 O
 85.374   5.340 -10.321  1.00 C
 84.953   5.908  -8.965  1.00 C
 85.745   5.225  -7.848  1.00 C
 85.221   7.415  -8.937  1.00 C
 83.142   4.246 -10.809  1.00 H
 84.327   6.922 -11.321  1.00 H
 85.329   4.259 -10.289  1.00 H
 86.371   5.648 -10.547  1.00 H
 83.900   5.727  -8.816  1.00 H
 86.582   5.845  -7.565  1.00 H
 86.107   4.268  -8.195  1.00 H
 85.103   5.075  -6.992  1.00 H
 85.396   7.730  -7.919  1.00 H
 84.365   7.940  -9.335  1.00 H
 86.090   7.638  -9.538  1.00 H
 84.367   4.472 -13.414  1.00 N
 84.834   4.047 -14.769  1.00 C
 84.709   5.198 -15.774  1.00 C
 85.407   5.236 -16.771  1.00 O
 83.920   2.876 -15.165  1.00 C
 84.277   2.378 -16.579  1.00 C
 84.721   0.620 -16.538  1.00 S
 83.045  -0.046 -16.675  1.00 C
 83.623   4.000 -12.987  1.00 H
 85.852   3.708 -14.716  1.00 H
 84.044   2.073 -14.452  1.00 H
 82.891   3.207 -15.153  1.00 H
 83.424   2.513 -17.228  1.00 H
 85.109   2.950 -16.965  1.00 H
 82.532   0.441 -17.493  1.00 H
 82.511   0.131 -15.751  1.00 H
 83.092  -1.106 -16.863  1.00 H
 83.791   6.101 -15.550  1.00 N
 83.577   7.215 -16.527  1.00 C
 84.846   8.049 -16.771  1.00 C
 85.318   8.129 -17.891  1.00 O
 82.483   8.085 -15.904  1.00 C
 83.214   6.023 -14.761  1.00 H
 83.216   6.803 -17.455  1.00 H
 82.128   8.796 -16.636  1.00 H
 82.884   8.613 -15.053  1.00 H
 81.663   7.457 -15.586  1.00 H
 85.388   8.698 -15.761  1.00 N
 86.602   9.550 -15.994  1.00 C
 87.832   8.695 -16.300  1.00 C
 88.623   9.025 -17.165  1.00 O
 86.798  10.360 -14.719  1.00 C
 85.680  11.390 -14.608  1.00 C
 85.754  12.099 -13.251  1.00 C
 86.426  11.645 -12.345  1.00 O
 85.081  13.203 -13.070  1.00 N
 84.980   8.649 -14.872  1.00 H
 86.408  10.199 -16.820  1.00 H
 86.768   9.700 -13.867  1.00 H
 87.749  10.867 -14.753  1.00 H
 85.786  12.114 -15.402  1.00 H
 84.731  10.890 -14.700  1.00 H
 84.534  13.569 -13.799  1.00 H
 85.121  13.665 -12.206  1.00 H
 87.986   7.597 -15.618  1.00 N
 89.150   6.708 -15.885  1.00 C
 88.661   5.255 -15.913  1.00 C
 88.359   4.691 -14.881  1.00 O
 90.187   6.957 -14.776  1.00 C
 89.610   6.779 -13.393  1.00 C
 88.657   7.677 -12.905  1.00 C
 90.070   5.738 -12.580  1.00 C
 88.155   7.532 -11.617  1.00 C
 89.579   5.597 -11.280  1.00 C
 88.619   6.493 -10.797  1.00 C
 88.144   6.363  -9.507  1.00 O
 87.321   7.345 -14.940  1.00 H
 89.586   6.973 -16.826  1.00 H
 91.005   6.264 -14.901  1.00 H
 90.565   7.966 -14.873  1.00 H
 88.301   8.481 -13.529  1.00 H
 90.807   5.043 -12.957  1.00 H
 87.413   8.226 -11.252  1.00 H
 89.932   4.793 -10.652  1.00 H
 88.009   5.429  -9.333  1.00 H
 88.564   4.694 -17.106  1.00 N
 88.064   3.303 -17.245  1.00 C
 89.016   2.294 -16.600  1.00 C
 88.665   1.141 -16.430  1.00 O
 87.974   3.095 -18.756  1.00 C
 88.938   4.077 -19.329  1.00 C
 88.910   5.270 -18.419  1.00 C
 87.081   3.216 -16.811  1.00 H
 88.261   2.086 -19.015  1.00 H
 86.979   3.309 -19.109  1.00 H
 89.929   3.649 -19.355  1.00 H
 88.631   4.367 -20.322  1.00 H
 89.883   5.746 -18.387  1.00 H
 88.152   5.969 -18.732  1.00 H
 90.205   2.706 -16.226  1.00 N
 91.143   1.749 -15.580  1.00 C
 91.637   2.326 -14.250  1.00 C
 91.987   3.488 -14.160  1.00 O
 92.303   1.593 -16.559  1.00 C
 91.793   1.321 -17.858  1.00 O
 93.182   0.429 -16.105  1.00 C
 90.475   3.637 -16.355  1.00 H
 90.653   0.800 -15.445  1.00 H
 92.888   2.497 -16.577  1.00 H
 91.361   2.115 -18.180  1.00 H
 92.553  -0.363 -15.720  1.00 H
 93.852   0.766 -15.329  1.00 H
 93.754   0.060 -16.943  1.00 H
 91.670   1.523 -13.224  1.00 N
 92.146   2.013 -11.889  1.00 C
 93.601   2.473 -11.993  1.00 C
 94.455   1.721 -12.426  1.00 O
 92.054   0.773 -10.988  1.00 C
 92.512   1.112  -9.570  1.00 C
 91.481   2.018  -8.900  1.00 C
 92.662  -0.182  -8.762  1.00 C
 91.383   0.590 -13.332  1.00 H
 91.499   2.803 -11.508  1.00 H
 91.030   0.427 -10.960  1.00 H
 92.685  -0.007 -11.389  1.00 H
 93.463   1.622  -9.614  1.00 H
 91.989   2.712  -8.255  1.00 H
 90.799   1.418  -8.317  1.00 H
 90.931   2.561  -9.651  1.00 H
 92.040  -0.953  -9.194  1.00 H
 92.362  -0.007  -7.741  1.00 H
 93.694  -0.500  -8.782  1.00 H
 93.901   3.680 -11.591  1.00 N
 95.319   4.150 -11.663  1.00 C
 95.406   5.662 -11.908  1.00 C
 96.381   6.139 -12.459  1.00 O
 93.209   4.270 -11.239  1.00 H
 95.810   3.919 -10.734  1.00 H
 95.820   3.633 -12.467  1.00 H
 94.425   6.423 -11.492  1.00 N
 94.487   7.897 -11.688  1.00 C
 93.839   8.631 -10.515  1.00 C
 94.402   9.565  -9.976  1.00 O
 93.701   8.146 -12.962  1.00 C
 94.593   7.891 -14.172  1.00 C
 93.751   7.936 -15.448  1.00 C
 93.119   6.937 -15.751  1.00 O
 93.755   8.965 -16.101  1.00 O
 93.651   6.036 -11.040  1.00 H
 95.501   8.240 -11.805  1.00 H
 92.859   7.477 -12.989  1.00 H
 93.356   9.168 -12.976  1.00 H
 95.356   8.651 -14.216  1.00 H
 95.055   6.921 -14.080  1.00 H
 92.665   8.220 -10.118  1.00 N
 91.987   8.905  -8.974  1.00 C
 92.778   8.637  -7.674  1.00 C
 93.201   9.567  -7.016  1.00 O
 90.558   8.320  -8.975  1.00 C
 89.974   8.194  -7.566  1.00 C
 89.665   9.244  -9.796  1.00 C
 92.231   7.458 -10.569  1.00 H
 91.949   9.967  -9.165  1.00 H
 90.574   7.346  -9.440  1.00 H
 90.514   7.432  -7.032  1.00 H
 88.932   7.918  -7.633  1.00 H
 90.068   9.137  -7.049  1.00 H
 89.907   9.133 -10.843  1.00 H
 89.828  10.267  -9.494  1.00 H
 88.631   8.979  -9.635  1.00 H
 92.987   7.378  -7.364  1.00 N
 93.774   7.026  -6.156  1.00 C
 95.256   7.250  -6.446  1.00 C
 96.042   7.574  -5.577  1.00 O
 93.492   5.541  -5.960  1.00 C
 93.105   5.024  -7.303  1.00 C
 92.537   6.175  -8.091  1.00 C
 93.455   7.569  -5.279  1.00 H
 94.384   5.036  -5.608  1.00 H
 92.681   5.401  -5.264  1.00 H
 93.973   4.621  -7.806  1.00 H
 92.354   4.260  -7.190  1.00 H
 92.933   6.165  -9.096  1.00 H
 91.461   6.126  -8.106  1.00 H
 95.628   7.058  -7.682  1.00 N
 97.045   7.226  -8.101  1.00 C
 97.444   5.975  -8.877  1.00 C
 97.683   6.020 -10.067  1.00 O
 94.961   6.787  -8.344  1.00 H
 97.139   8.101  -8.731  1.00 H
 97.675   7.328  -7.232  1.00 H
 97.452   4.853  -8.191  1.00 N
 97.767   3.508  -8.803  1.00 C
 98.080   2.458  -7.700  1.00 C
 97.453   1.418  -7.671  1.00 O
 98.950   3.682  -9.806  1.00 C
 99.610   2.350 -10.132  1.00 C
 98.828   1.196 -10.310  1.00 C
101.002   2.274 -10.253  1.00 C
 99.442  -0.025 -10.607  1.00 C
101.614   1.051 -10.551  1.00 C
100.834  -0.099 -10.727  1.00 C
 97.195   4.894  -7.255  1.00 H
 96.905   3.197  -9.366  1.00 H
 98.561   4.100 -10.723  1.00 H
 99.677   4.357  -9.403  1.00 H
 97.750   1.252 -10.216  1.00 H
101.605   3.160 -10.117  1.00 H
 98.841  -0.911 -10.742  1.00 H
102.689   0.994 -10.645  1.00 H
101.308  -1.042 -10.957  1.00 H
 99.060   2.728  -6.849  1.00 N
 99.448   1.757  -5.800  1.00 C
 98.799   2.080  -4.448  1.00 C
 99.238   1.594  -3.421  1.00 O
100.954   1.972  -5.702  1.00 C
101.195   3.387  -6.165  1.00 C
 99.904   3.919  -6.752  1.00 C
 99.237   0.746  -6.106  1.00 H
101.279   1.850  -4.677  1.00 H
101.474   1.281  -6.345  1.00 H
101.495   3.998  -5.326  1.00 H
101.966   3.398  -6.920  1.00 H
 99.461   4.650  -6.087  1.00 H
100.081   4.342  -7.713  1.00 H
 97.776   2.892  -4.429  1.00 N
 97.121   3.242  -3.134  1.00 C
 95.627   2.954  -3.218  1.00 C
 94.801   3.769  -2.854  1.00 O
 97.378   4.738  -2.951  1.00 C
 98.718   4.946  -2.240  1.00 C
 99.261   4.031  -1.651  1.00 O
 99.280   6.121  -2.267  1.00 N
 97.435   3.274  -5.263  1.00 H
 97.572   2.687  -2.321  1.00 H
 97.405   5.217  -3.920  1.00 H
 96.586   5.168  -2.361  1.00 H
 98.845   6.863  -2.740  1.00 H
100.140   6.264  -1.813  1.00 H
 95.285   1.796  -3.706  1.00 N
 93.853   1.424  -3.837  1.00 C
 93.609   0.061  -3.180  1.00 C
 94.435  -0.837  -3.243  1.00 O
 93.592   1.395  -5.349  1.00 C
 94.359   0.237  -6.007  1.00 C
 92.091   1.242  -5.604  1.00 C
 95.978   1.166  -3.994  1.00 H
 93.224   2.164  -3.368  1.00 H
 93.932   2.326  -5.780  1.00 H
 95.094  -0.150  -5.315  1.00 H
 94.857   0.593  -6.896  1.00 H
 93.668  -0.550  -6.274  1.00 H
 91.541   1.547  -4.726  1.00 H
 91.866   0.211  -5.831  1.00 H
 91.806   1.866  -6.439  1.00 H
 92.480  -0.084  -2.541  1.00 N
 92.156  -1.367  -1.861  1.00 C
 90.672  -1.384  -1.491  1.00 C
 89.993  -0.380  -1.572  1.00 O
 91.850   0.667  -2.498  1.00 H
 92.375  -2.194  -2.523  1.00 H
 92.746  -1.453  -0.964  1.00 H
 90.178  -2.517  -1.059  1.00 N
 88.747  -2.610  -0.657  1.00 C
 88.619  -2.130   0.785  1.00 C
 89.583  -2.139   1.527  1.00 O
 90.764  -3.298  -0.974  1.00 H
 88.145  -1.987  -1.305  1.00 H
 88.415  -3.635  -0.725  1.00 H
 87.444  -1.726   1.197  1.00 N
 87.270  -1.258   2.604  1.00 C
 85.844  -1.597   3.108  1.00 C
 84.940  -1.791   2.320  1.00 O
 87.530   0.256   2.559  1.00 C
 86.585   0.923   1.553  1.00 C
 88.980   0.514   2.140  1.00 C
 85.976   2.183   2.175  1.00 C
 86.672  -1.743   0.591  1.00 H
 88.002  -1.733   3.239  1.00 H
 87.372   0.670   3.538  1.00 H
 87.135   1.192   0.661  1.00 H
 85.803   0.233   1.294  1.00 H
 89.272   1.507   2.448  1.00 H
 89.066   0.430   1.067  1.00 H
 89.626  -0.211   2.610  1.00 H
 86.752   2.915   2.339  1.00 H
 85.515   1.930   3.117  1.00 H
 85.231   2.591   1.507  1.00 H
 85.704  -1.696   4.417  1.00 N
 84.391  -2.065   5.051  1.00 C
 83.282  -1.003   4.900  1.00 C
 82.139  -1.278   5.217  1.00 O
 84.753  -2.199   6.534  1.00 C
 85.960  -1.344   6.708  1.00 C
 86.744  -1.476   5.439  1.00 C
 84.035  -3.028   4.706  1.00 H
 83.940  -1.840   7.153  1.00 H
 84.988  -3.225   6.773  1.00 H
 85.665  -0.314   6.862  1.00 H
 86.549  -1.694   7.542  1.00 H
 87.298  -0.569   5.239  1.00 H
 87.406  -2.326   5.486  1.00 H
 83.584   0.202   4.476  1.00 N
 82.503   1.246   4.383  1.00 C
 81.917   1.371   2.970  1.00 C
 81.316   2.373   2.629  1.00 O
 83.166   2.551   4.818  1.00 C
 83.463   2.498   6.322  1.00 C
 82.746   1.807   7.030  1.00 O
 84.405   3.147   6.741  1.00 O
 84.509   0.436   4.259  1.00 H
 81.713   1.005   5.072  1.00 H
 84.088   2.682   4.274  1.00 H
 82.503   3.377   4.614  1.00 H
 82.062   0.359   2.162  1.00 N
 81.488   0.399   0.779  1.00 C
 80.325  -0.595   0.698  1.00 C
 80.443  -1.734   1.111  1.00 O
 82.641  -0.004  -0.141  1.00 C
 83.801   0.991   0.035  1.00 C
 82.172  -0.008  -1.602  1.00 C
 83.377   2.411  -0.353  1.00 C
 82.535  -0.441   2.471  1.00 H
 81.136   1.383   0.523  1.00 H
 82.974  -0.992   0.125  1.00 H
 84.098   0.993   1.069  1.00 H
 84.635   0.686  -0.579  1.00 H
 81.158  -0.377  -1.652  1.00 H
 82.816  -0.648  -2.183  1.00 H
 82.209   0.995  -2.001  1.00 H
 82.605   2.751   0.318  1.00 H
 83.005   2.413  -1.364  1.00 H
 84.232   3.070  -0.283  1.00 H
 79.189  -0.160   0.203  1.00 N
 77.999  -1.064   0.131  1.00 C
 78.038  -1.973  -1.091  1.00 C
 77.822  -3.166  -0.974  1.00 O
 76.793  -0.125   0.056  1.00 C
 79.111   0.767  -0.107  1.00 H
 77.934  -1.661   1.019  1.00 H
 75.907  -0.695  -0.182  1.00 H
 76.961   0.616  -0.711  1.00 H
 76.659   0.367   1.009  1.00 H
 78.297  -1.440  -2.256  1.00 N
 78.326  -2.319  -3.456  1.00 C
 78.361  -1.500  -4.746  1.00 C
 79.186  -0.628  -4.932  1.00 O
 78.464  -0.478  -2.339  1.00 H
 79.196  -2.949  -3.410  1.00 H
 77.441  -2.938  -3.456  1.00 H
 77.474  -1.813  -5.649  1.00 N
 77.417  -1.121  -6.974  1.00 C
 77.416   0.406  -6.849  1.00 C
 77.818   1.097  -7.772  1.00 O
 76.097  -1.573  -7.600  1.00 C
 76.082  -1.155  -9.035  1.00 C
 76.869  -1.682  -9.999  1.00 C
 75.268  -0.134  -9.682  1.00 C
 76.592  -1.051 -11.198  1.00 N
 75.611  -0.090 -11.054  1.00 C
 74.275   0.748  -9.220  1.00 C
 74.994   0.798 -11.936  1.00 C
 73.650   1.643 -10.105  1.00 C
 74.010   1.667 -11.460  1.00 C
 76.847  -2.542  -5.458  1.00 H
 78.224  -1.444  -7.610  1.00 H
 76.015  -2.648  -7.534  1.00 H
 75.271  -1.111  -7.079  1.00 H
 77.597  -2.468  -9.855  1.00 H
 77.027  -1.247 -12.054  1.00 H
 73.990   0.738  -8.178  1.00 H
 75.275   0.814 -12.978  1.00 H
 72.889   2.316  -9.739  1.00 H
 73.526   2.358 -12.135  1.00 H
 76.973   0.947  -5.740  1.00 N
 76.950   2.431  -5.597  1.00 C
 77.208   2.831  -4.142  1.00 C
 76.318   3.274  -3.440  1.00 O
 75.542   2.842  -6.037  1.00 C
 75.392   4.363  -5.941  1.00 C
 75.895   5.043  -6.819  1.00 O
 74.780   4.819  -4.990  1.00 O
 76.664   0.387  -5.003  1.00 H
 77.679   2.875  -6.255  1.00 H
 75.382   2.529  -7.059  1.00 H
 74.812   2.369  -5.397  1.00 H
 78.419   2.661  -3.692  1.00 N
 78.761   3.006  -2.277  1.00 C
 78.743   4.529  -2.059  1.00 C
 79.350   5.257  -2.819  1.00 O
 80.174   2.466  -2.071  1.00 C
 80.725   3.036  -0.891  1.00 O
 79.103   2.286  -4.286  1.00 H
 78.084   2.514  -1.603  1.00 H
 80.139   1.394  -1.963  1.00 H
