 90.769  -3.200  13.835  1.00 N
 90.557  -3.590  12.408  1.00 C
 91.751  -4.368  11.851  1.00 C
 92.891  -4.134  12.215  1.00 O
 90.382  -2.271  11.647  1.00 C
 89.120  -1.560  12.143  1.00 C
 91.599  -1.368  11.872  1.00 C
 91.504  -2.599  14.076  1.00 H
 89.653  -4.160  12.311  1.00 H
 90.279  -2.482  10.590  1.00 H
 89.386  -0.843  12.905  1.00 H
 88.435  -2.287  12.553  1.00 H
 88.648  -1.049  11.316  1.00 H
 92.434  -1.967  12.195  1.00 H
 91.369  -0.634  12.630  1.00 H
 91.850  -0.867  10.950  1.00 H
 91.485  -5.299  10.971  1.00 N
 92.580  -6.109  10.364  1.00 C
 92.720  -5.750   8.884  1.00 C
 91.746  -5.536   8.188  1.00 O
 92.149  -7.564  10.543  1.00 C
 90.911  -7.773   9.878  1.00 O
 90.557  -5.476  10.720  1.00 H
 93.512  -5.929  10.869  1.00 H
 92.895  -8.218  10.123  1.00 H
 92.043  -7.777  11.600  1.00 H
 90.251  -7.992  10.541  1.00 H
 93.934  -5.664   8.414  1.00 N
 94.180  -5.295   6.988  1.00 C
 94.895  -6.419   6.240  1.00 C
 95.671  -7.158   6.808  1.00 O
 95.087  -4.057   7.052  1.00 C
 96.395  -4.393   7.784  1.00 C
 94.364  -2.930   7.794  1.00 C
 97.408  -3.272   7.553  1.00 C
 94.695  -5.828   9.009  1.00 H
 93.271  -5.031   6.476  1.00 H
 95.312  -3.732   6.047  1.00 H
 96.201  -4.493   8.843  1.00 H
 96.797  -5.320   7.401  1.00 H
 94.583  -2.994   8.848  1.00 H
 93.299  -3.025   7.642  1.00 H
 94.698  -1.977   7.413  1.00 H
 96.895  -2.323   7.520  1.00 H
 97.919  -3.439   6.615  1.00 H
 98.127  -3.265   8.359  1.00 H
 94.651  -6.526   4.962  1.00 N
 95.321  -7.573   4.140  1.00 C
 95.557  -7.010   2.738  1.00 C
 95.369  -5.830   2.503  1.00 O
 94.344  -8.749   4.099  1.00 C
 95.039  -9.946   4.421  1.00 O
 94.032  -5.905   4.525  1.00 H
 96.252  -7.875   4.596  1.00 H
 93.555  -8.593   4.816  1.00 H
 93.915  -8.828   3.106  1.00 H
 95.074 -10.021   5.379  1.00 H
 95.944  -7.837   1.804  1.00 N
 96.164  -7.335   0.417  1.00 C
 95.678  -8.370  -0.603  1.00 C
 95.748  -9.562  -0.360  1.00 O
 97.678  -7.112   0.306  1.00 C
 98.424  -8.406   0.543  1.00 C
 98.770  -8.787   1.845  1.00 C
 98.781  -9.217  -0.542  1.00 C
 99.471  -9.979   2.062  1.00 C
 99.480 -10.410  -0.325  1.00 C
 99.826 -10.791   0.978  1.00 C
100.517 -11.967   1.191  1.00 O
 96.075  -8.783   2.010  1.00 H
 95.654  -6.397   0.293  1.00 H
 97.912  -6.742  -0.683  1.00 H
 97.986  -6.382   1.042  1.00 H
 98.494  -8.163   2.685  1.00 H
 98.515  -8.922  -1.546  1.00 H
 99.737 -10.273   3.066  1.00 H
 99.754 -11.036  -1.161  1.00 H
101.142 -11.820   1.906  1.00 H
 95.195  -7.931  -1.743  1.00 N
 94.721  -8.902  -2.773  1.00 C
 95.453  -8.648  -4.105  1.00 C
 95.732  -7.514  -4.436  1.00 O
 93.222  -8.641  -2.912  1.00 C
 92.481  -9.972  -3.051  1.00 C
 92.343 -10.437  -4.170  1.00 O
 92.065 -10.503  -2.035  1.00 O
 95.150  -6.968  -1.924  1.00 H
 94.897  -9.906  -2.427  1.00 H
 92.866  -8.119  -2.036  1.00 H
 93.042  -8.038  -3.788  1.00 H
 95.757  -9.708  -4.826  1.00 N
 96.484  -9.559  -6.113  1.00 C
 95.564  -9.091  -7.253  1.00 C
 96.037  -8.766  -8.327  1.00 O
 96.999 -10.967  -6.395  1.00 C
 96.068 -11.888  -5.670  1.00 C
 95.468 -11.121  -4.519  1.00 C
 97.317  -8.885  -6.000  1.00 H
 96.976 -11.167  -7.459  1.00 H
 98.003 -11.083  -6.013  1.00 H
 95.287 -12.218  -6.339  1.00 H
 96.613 -12.738  -5.292  1.00 H
 94.400 -11.289  -4.471  1.00 H
 95.940 -11.402  -3.592  1.00 H
 94.267  -9.067  -7.051  1.00 N
 93.353  -8.632  -8.159  1.00 C
 93.487  -7.130  -8.439  1.00 C
 93.451  -6.713  -9.581  1.00 O
 91.929  -9.001  -7.709  1.00 C
 91.536  -8.207  -6.457  1.00 C
 91.860 -10.500  -7.402  1.00 C
 90.067  -8.472  -6.132  1.00 C
 93.897  -9.342  -6.187  1.00 H
 93.589  -9.164  -9.065  1.00 H
 91.237  -8.773  -8.508  1.00 H
 92.153  -8.511  -5.625  1.00 H
 91.667  -7.154  -6.642  1.00 H
 90.843 -10.773  -7.163  1.00 H
 92.500 -10.725  -6.562  1.00 H
 92.191 -11.059  -8.266  1.00 H
 89.913  -9.533  -6.004  1.00 H
 89.452  -8.113  -6.944  1.00 H
 89.802  -7.954  -5.223  1.00 H
 93.617  -6.315  -7.422  1.00 N
 93.725  -4.841  -7.661  1.00 C
 95.079  -4.463  -8.263  1.00 C
 95.881  -3.759  -7.685  1.00 O
 93.470  -4.153  -6.325  1.00 C
 92.012  -4.296  -5.982  1.00 C
 91.047  -3.713  -6.809  1.00 C
 91.623  -5.018  -4.850  1.00 C
 89.691  -3.850  -6.505  1.00 C
 90.266  -5.157  -4.546  1.00 C
 89.301  -4.572  -5.374  1.00 C
 87.964  -4.712  -5.078  1.00 O
