 90.769  -3.200  13.835  1.00 N
 90.557  -3.590  12.408  1.00 C
 91.751  -4.368  11.851  1.00 C
 92.891  -4.134  12.215  1.00 O
 90.382  -2.271  11.647  1.00 C
 89.120  -1.560  12.143  1.00 C
 91.599  -1.368  11.872  1.00 C
 91.504  -2.599  14.076  1.00 H
 89.653  -4.160  12.311  1.00 H
 90.279  -2.482  10.590  1.00 H
 89.386  -0.843  12.905  1.00 H
 88.435  -2.287  12.553  1.00 H
 88.648  -1.049  11.316  1.00 H
 92.434  -1.967  12.195  1.00 H
 91.369  -0.634  12.630  1.00 H
 91.850  -0.867  10.950  1.00 H
 91.485  -5.299  10.971  1.00 N
 92.580  -6.109  10.364  1.00 C
 92.720  -5.750   8.884  1.00 C
 91.746  -5.536   8.188  1.00 O
 92.149  -7.564  10.543  1.00 C
 90.911  -7.773   9.878  1.00 O
 90.557  -5.476  10.720  1.00 H
 93.512  -5.929  10.869  1.00 H
 92.895  -8.218  10.123  1.00 H
 92.043  -7.777  11.600  1.00 H
 90.251  -7.992  10.541  1.00 H
 93.934  -5.664   8.414  1.00 N
 94.180  -5.295   6.988  1.00 C
 94.895  -6.419   6.240  1.00 C
 95.671  -7.158   6.808  1.00 O
 95.087  -4.057   7.052  1.00 C
 96.395  -4.393   7.784  1.00 C
 94.364  -2.930   7.794  1.00 C
 97.408  -3.272   7.553  1.00 C
 94.695  -5.828   9.009  1.00 H
 93.271  -5.031   6.476  1.00 H
 95.312  -3.732   6.047  1.00 H
 96.201  -4.493   8.843  1.00 H
 96.797  -5.320   7.401  1.00 H
 94.583  -2.994   8.848  1.00 H
 93.299  -3.025   7.642  1.00 H
 94.698  -1.977   7.413  1.00 H
 96.895  -2.323   7.520  1.00 H
 97.919  -3.439   6.615  1.00 H
 98.127  -3.265   8.359  1.00 H
 94.651  -6.526   4.962  1.00 N
 95.321  -7.573   4.140  1.00 C
 95.557  -7.010   2.738  1.00 C
 95.369  -5.830   2.503  1.00 O
 94.344  -8.749   4.099  1.00 C
 95.039  -9.946   4.421  1.00 O
 94.032  -5.905   4.525  1.00 H
 96.252  -7.875   4.596  1.00 H
 93.555  -8.593   4.816  1.00 H
 93.915  -8.828   3.106  1.00 H
 95.074 -10.021   5.379  1.00 H
 95.944  -7.837   1.804  1.00 N
 96.164  -7.335   0.417  1.00 C
 95.678  -8.370  -0.603  1.00 C
 95.748  -9.562  -0.360  1.00 O
 97.678  -7.112   0.306  1.00 C
 98.424  -8.406   0.543  1.00 C
 98.770  -8.787   1.845  1.00 C
 98.781  -9.217  -0.542  1.00 C
 99.471  -9.979   2.062  1.00 C
 99.480 -10.410  -0.325  1.00 C
 99.826 -10.791   0.978  1.00 C
100.517 -11.967   1.191  1.00 O
 96.075  -8.783   2.010  1.00 H
 95.654  -6.397   0.293  1.00 H
 97.912  -6.742  -0.683  1.00 H
 97.986  -6.382   1.042  1.00 H
 98.494  -8.163   2.685  1.00 H
 98.515  -8.922  -1.546  1.00 H
 99.737 -10.273   3.066  1.00 H
 99.754 -11.036  -1.161  1.00 H
101.142 -11.820   1.906  1.00 H
 95.195  -7.931  -1.743  1.00 N
 94.721  -8.902  -2.773  1.00 C
 95.453  -8.648  -4.105  1.00 C
 95.732  -7.514  -4.436  1.00 O
 93.222  -8.641  -2.912  1.00 C
 92.481  -9.972  -3.051  1.00 C
 92.343 -10.437  -4.170  1.00 O
 92.065 -10.503  -2.035  1.00 O
 95.150  -6.968  -1.924  1.00 H
 94.897  -9.906  -2.427  1.00 H
 92.866  -8.119  -2.036  1.00 H
 93.042  -8.038  -3.788  1.00 H
 95.757  -9.708  -4.826  1.00 N
 96.484  -9.559  -6.113  1.00 C
 95.564  -9.091  -7.253  1.00 C
 96.037  -8.766  -8.327  1.00 O
 96.999 -10.967  -6.395  1.00 C
 96.068 -11.888  -5.670  1.00 C
 95.468 -11.121  -4.519  1.00 C
 97.317  -8.885  -6.000  1.00 H
 96.976 -11.167  -7.459  1.00 H
 98.003 -11.083  -6.013  1.00 H
 95.287 -12.218  -6.339  1.00 H
 96.613 -12.738  -5.292  1.00 H
 94.400 -11.289  -4.471  1.00 H
 95.940 -11.402  -3.592  1.00 H
 94.267  -9.067  -7.051  1.00 N
 93.353  -8.632  -8.159  1.00 C
 93.487  -7.130  -8.439  1.00 C
 93.451  -6.713  -9.581  1.00 O
 91.929  -9.001  -7.709  1.00 C
 91.536  -8.207  -6.457  1.00 C
 91.860 -10.500  -7.402  1.00 C
 90.067  -8.472  -6.132  1.00 C
 93.897  -9.342  -6.187  1.00 H
 93.589  -9.164  -9.065  1.00 H
 91.237  -8.773  -8.508  1.00 H
 92.153  -8.511  -5.625  1.00 H
 91.667  -7.154  -6.642  1.00 H
 90.843 -10.773  -7.163  1.00 H
 92.500 -10.725  -6.562  1.00 H
 92.191 -11.059  -8.266  1.00 H
 89.913  -9.533  -6.004  1.00 H
 89.452  -8.113  -6.944  1.00 H
 89.802  -7.954  -5.223  1.00 H
 93.617  -6.315  -7.422  1.00 N
 93.725  -4.841  -7.661  1.00 C
 95.079  -4.463  -8.263  1.00 C
 95.881  -3.759  -7.685  1.00 O
 93.470  -4.153  -6.325  1.00 C
 92.012  -4.296  -5.982  1.00 C
 91.047  -3.713  -6.809  1.00 C
 91.623  -5.018  -4.850  1.00 C
 89.691  -3.850  -6.505  1.00 C
 90.266  -5.157  -4.546  1.00 C
 89.301  -4.572  -5.374  1.00 C
 87.964  -4.712  -5.078  1.00 O
 93.601  -6.679  -6.512  1.00 H
 93.004  -4.525  -8.397  1.00 H
 94.072  -4.614  -5.556  1.00 H
 93.718  -3.105  -6.405  1.00 H
 91.352  -3.155  -7.681  1.00 H
 92.371  -5.469  -4.215  1.00 H
 88.946  -3.399  -7.144  1.00 H
 89.962  -5.712  -3.671  1.00 H
 87.795  -5.640  -4.899  1.00 H
 95.272  -4.900  -9.479  1.00 N
 96.494  -4.573 -10.263  1.00 C
 96.120  -3.519 -11.306  1.00 C
 94.967  -3.163 -11.465  1.00 O
 96.947  -5.877 -10.919  1.00 C
 94.565  -5.441  -9.895  1.00 H
 97.283  -4.130  -9.678  1.00 H
 96.892  -6.680 -10.201  1.00 H
 97.965  -5.772 -11.265  1.00 H
 96.304  -6.099 -11.759  1.00 H
 97.107  -2.962 -11.955  1.00 N
 96.857  -1.856 -12.929  1.00 C
 95.890  -2.239 -14.052  1.00 C
 95.163  -1.387 -14.532  1.00 O
 98.231  -1.508 -13.506  1.00 C
 98.028  -3.233 -11.761  1.00 H
 96.469  -1.002 -12.399  1.00 H
 98.896  -2.351 -13.387  1.00 H
 98.636  -0.655 -12.982  1.00 H
 98.133  -1.272 -14.555  1.00 H
 95.884  -3.466 -14.522  1.00 N
 94.966  -3.789 -15.659  1.00 C
 93.595  -4.285 -15.177  1.00 C
 92.806  -4.788 -15.955  1.00 O
 95.689  -4.853 -16.478  1.00 C
 96.953  -4.249 -17.093  1.00 C
 96.857  -3.172 -17.660  1.00 O
 97.996  -4.873 -16.988  1.00 O
 96.494  -4.151 -14.174  1.00 H
 94.852  -2.893 -16.234  1.00 H
 95.959  -5.677 -15.835  1.00 H
 95.041  -5.205 -17.265  1.00 H
 93.301  -4.141 -13.911  1.00 N
 91.979  -4.595 -13.379  1.00 C
 90.871  -3.655 -13.848  1.00 C
 90.916  -2.462 -13.615  1.00 O
 92.111  -4.514 -11.857  1.00 C
 90.860  -5.114 -11.212  1.00 C
 90.808  -6.614 -11.500  1.00 C
 90.907  -4.887  -9.703  1.00 C
 93.945  -3.735 -13.303  1.00 H
 91.745  -5.610 -13.660  1.00 H
 92.983  -5.068 -11.540  1.00 H
 92.208  -3.481 -11.557  1.00 H
 89.981  -4.641 -11.620  1.00 H
 91.799  -7.033 -11.404  1.00 H
 90.445  -6.775 -12.503  1.00 H
 90.146  -7.094 -10.795  1.00 H
 89.904  -4.921  -9.303  1.00 H
 91.343  -3.921  -9.500  1.00 H
 91.505  -5.658  -9.241  1.00 H
 89.875  -4.192 -14.501  1.00 N
 88.753  -3.338 -14.984  1.00 C
 87.915  -2.854 -13.799  1.00 C
 87.627  -3.601 -12.883  1.00 O
 87.925  -4.225 -15.911  1.00 C
 86.826  -3.479 -16.418  1.00 O
 89.868  -5.157 -14.669  1.00 H
 89.142  -2.494 -15.526  1.00 H
 88.537  -4.559 -16.733  1.00 H
 87.568  -5.082 -15.358  1.00 H
 86.759  -3.652 -17.359  1.00 H
 87.535  -1.607 -13.814  1.00 N
 86.722  -1.044 -12.691  1.00 C
 85.297  -1.609 -12.677  1.00 C
 84.591  -1.471 -11.697  1.00 O
 86.687   0.466 -12.918  1.00 C
 88.046   1.066 -12.561  1.00 C
 87.911   2.868 -12.548  1.00 S
 89.392   3.207 -11.566  1.00 C
 87.798  -1.034 -14.566  1.00 H
 87.206  -1.251 -11.750  1.00 H
 86.466   0.668 -13.956  1.00 H
 85.925   0.907 -12.294  1.00 H
 88.348   0.719 -11.584  1.00 H
 88.780   0.764 -13.293  1.00 H
 90.186   3.547 -12.217  1.00 H
 89.699   2.303 -11.056  1.00 H
 89.175   3.971 -10.838  1.00 H
 84.852  -2.227 -13.742  1.00 N
 83.462  -2.775 -13.770  1.00 C
 83.323  -3.959 -12.810  1.00 C
 82.223  -4.378 -12.501  1.00 O
 85.419  -2.318 -14.537  1.00 H
 82.769  -2.003 -13.475  1.00 H
 83.227  -3.102 -14.772  1.00 H
 84.415  -4.522 -12.357  1.00 N
 84.327  -5.697 -11.443  1.00 C
 84.228  -5.278  -9.969  1.00 C
 84.083  -6.121  -9.102  1.00 O
 85.621  -6.476 -11.686  1.00 C
 86.727  -5.690 -11.263  1.00 O
 85.291  -4.191 -12.637  1.00 H
 83.483  -6.307 -11.713  1.00 H
 85.602  -7.394 -11.122  1.00 H
 85.708  -6.705 -12.741  1.00 H
 87.325  -6.259 -10.774  1.00 H
 84.319  -4.004  -9.665  1.00 N
 84.243  -3.578  -8.234  1.00 C
 82.865  -2.977  -7.916  1.00 C
 82.071  -2.717  -8.798  1.00 O
 85.360  -2.537  -8.074  1.00 C
 85.112  -1.347  -9.011  1.00 C
 85.402  -2.050  -6.627  1.00 C
 84.453  -3.333 -10.362  1.00 H
 84.432  -4.427  -7.599  1.00 H
 86.304  -2.992  -8.325  1.00 H
 84.104  -1.392  -9.398  1.00 H
 85.813  -1.387  -9.831  1.00 H
 85.248  -0.422  -8.470  1.00 H
 86.323  -1.514  -6.452  1.00 H
 85.346  -2.897  -5.964  1.00 H
 84.564  -1.398  -6.445  1.00 H
 82.578  -2.769  -6.653  1.00 N
 81.252  -2.200  -6.255  1.00 C
 81.047  -0.817  -6.883  1.00 C
 79.961  -0.479  -7.301  1.00 O
 81.294  -2.092  -4.723  1.00 C
 83.234  -3.003  -5.967  1.00 H
 80.456  -2.864  -6.551  1.00 H
 81.084  -1.075  -4.424  1.00 H
 82.271  -2.377  -4.366  1.00 H
 80.551  -2.750  -4.298  1.00 H
 82.076  -0.014  -6.940  1.00 N
 81.937   1.352  -7.536  1.00 C
 81.927   1.260  -9.071  1.00 C
 82.845   1.706  -9.736  1.00 O
 83.178   2.117  -7.046  1.00 C
 82.702   3.766  -6.466  1.00 S
 82.940  -0.309  -6.581  1.00 H
 81.040   1.840  -7.177  1.00 H
 83.636   1.573  -6.232  1.00 H
 83.887   2.213  -7.853  1.00 H
 80.894   0.682  -9.640  1.00 N
 80.819   0.556 -11.126  1.00 C
 79.754   1.497 -11.692  1.00 C
 78.569   1.304 -11.503  1.00 O
 80.447  -0.902 -11.390  1.00 C
 81.635  -1.671 -11.525  1.00 O
 80.168   0.333  -9.083  1.00 H
 81.778   0.773 -11.565  1.00 H
 79.871  -1.284 -10.566  1.00 H
 79.862  -0.966 -12.297  1.00 H
 81.483  -2.524 -11.112  1.00 H
 80.180   2.515 -12.383  1.00 N
 79.237   3.503 -12.984  1.00 C
 78.245   4.034 -11.932  1.00 C
 78.620   4.282 -10.802  1.00 O
 78.561   2.768 -14.145  1.00 C
 79.619   2.350 -15.168  1.00 C
 79.882   1.176 -15.343  1.00 O
 80.240   3.267 -15.856  1.00 N
 81.137   2.646 -12.510  1.00 H
 79.808   4.337 -13.344  1.00 H
 78.056   1.893 -13.769  1.00 H
 77.846   3.422 -14.622  1.00 H
 80.025   4.216 -15.716  1.00 H
 80.920   3.011 -16.515  1.00 H
 77.001   4.230 -12.282  1.00 N
 76.030   4.773 -11.289  1.00 C
 76.464   6.198 -10.939  1.00 C
 77.149   6.848 -11.707  1.00 O
 76.703   4.016 -13.180  1.00 H
 75.037   4.784 -11.719  1.00 H
 76.039   4.164 -10.398  1.00 H
 76.084   6.683  -9.790  1.00 N
 76.486   8.066  -9.385  1.00 C
 77.941   8.096  -8.891  1.00 C
 78.680   9.017  -9.188  1.00 O
 75.526   8.444  -8.256  1.00 C
 74.116   8.650  -8.821  1.00 C
 74.003   8.983  -9.990  1.00 O
 73.170   8.477  -8.069  1.00 O
 75.544   6.136  -9.185  1.00 H
 76.363   8.750 -10.206  1.00 H
 75.509   7.653  -7.523  1.00 H
 75.862   9.359  -7.791  1.00 H
 78.350   7.120  -8.117  1.00 N
 79.753   7.115  -7.576  1.00 C
 80.724   6.389  -8.519  1.00 C
 81.891   6.238  -8.206  1.00 O
 79.683   6.346  -6.252  1.00 C
 78.615   6.915  -5.358  1.00 C
 78.743   8.141  -4.727  1.00 N
 77.394   6.422  -4.983  1.00 C
 77.620   8.344  -4.010  1.00 C
 76.765   7.325  -4.131  1.00 N
 77.731   6.404  -7.862  1.00 H
 80.088   8.120  -7.393  1.00 H
 79.459   5.311  -6.457  1.00 H
 80.639   6.410  -5.751  1.00 H
 79.508   8.749  -4.790  1.00 H
 76.985   5.473  -5.302  1.00 H
 77.436   9.222  -3.410  1.00 H
 80.262   5.917  -9.652  1.00 N
 81.169   5.179 -10.588  1.00 C
 82.387   6.021 -10.952  1.00 C
 82.280   7.172 -11.332  1.00 O
 79.319   6.036  -9.888  1.00 H
 81.500   4.266 -10.116  1.00 H
 80.632   4.935 -11.490  1.00 H
 83.542   5.428 -10.859  1.00 N
 84.800   6.142 -11.219  1.00 C
 85.201   5.805 -12.666  1.00 C
 86.073   6.430 -13.237  1.00 O
 85.841   5.612 -10.232  1.00 C
 85.467   6.046  -8.814  1.00 C
 86.323   5.282  -7.803  1.00 C
 85.723   7.547  -8.659  1.00 C
 83.579   4.494 -10.570  1.00 H
 84.676   7.206 -11.096  1.00 H
 85.868   4.532 -10.285  1.00 H
 86.812   6.010 -10.485  1.00 H
 84.423   5.835  -8.635  1.00 H
 87.304   5.105  -8.220  1.00 H
 85.853   4.335  -7.576  1.00 H
 86.416   5.863  -6.898  1.00 H
 86.705   7.785  -9.041  1.00 H
 85.669   7.815  -7.615  1.00 H
 84.978   8.099  -9.212  1.00 H
 84.568   4.816 -13.261  1.00 N
 84.903   4.427 -14.664  1.00 C
 84.672   5.598 -15.624  1.00 C
 85.370   5.745 -16.608  1.00 O
 83.958   3.269 -15.004  1.00 C
 84.289   2.739 -16.401  1.00 C
 83.169   1.379 -16.816  1.00 S
 83.882   0.141 -15.705  1.00 C
 83.871   4.324 -12.780  1.00 H
 85.922   4.091 -14.719  1.00 H
 84.084   2.477 -14.278  1.00 H
 82.937   3.619 -14.985  1.00 H
 84.172   3.535 -17.123  1.00 H
 85.309   2.385 -16.419  1.00 H
 83.778  -0.840 -16.148  1.00 H
 83.364   0.171 -14.756  1.00 H
 84.927   0.354 -15.549  1.00 H
 83.676   6.409 -15.362  1.00 N
 83.365   7.557 -16.279  1.00 C
 84.622   8.376 -16.610  1.00 C
 85.154   8.283 -17.701  1.00 O
 82.355   8.412 -15.513  1.00 C
 83.118   6.250 -14.571  1.00 H
 82.907   7.177 -17.179  1.00 H
 82.339   9.409 -15.929  1.00 H
 82.638   8.460 -14.473  1.00 H
 81.373   7.970 -15.600  1.00 H
 85.103   9.167 -15.682  1.00 N
 86.331   9.981 -15.955  1.00 C
 87.551   9.069 -16.042  1.00 C
 88.430   9.257 -16.861  1.00 O
 86.466  10.916 -14.758  1.00 C
 85.352  11.951 -14.805  1.00 C
 85.479  12.894 -13.608  1.00 C
 86.570  13.281 -13.238  1.00 O
 84.404  13.274 -12.975  1.00 N
 84.664   9.221 -14.808  1.00 H
 86.214  10.553 -16.857  1.00 H
 86.393  10.344 -13.846  1.00 H
 87.421  11.416 -14.797  1.00 H
 85.428  12.514 -15.723  1.00 H
 84.401  11.447 -14.766  1.00 H
 83.522  12.954 -13.269  1.00 H
 84.475  13.879 -12.205  1.00 H
 87.605   8.090 -15.182  1.00 N
 88.764   7.152 -15.169  1.00 C
 88.255   5.723 -15.410  1.00 C
 87.917   5.037 -14.471  1.00 O
 89.372   7.286 -13.765  1.00 C
 89.689   8.741 -13.474  1.00 C
 90.852   9.324 -13.988  1.00 C
 88.811   9.504 -12.693  1.00 C
 91.137  10.670 -13.721  1.00 C
 89.097  10.848 -12.426  1.00 C
 90.260  11.431 -12.940  1.00 C
 90.541  12.756 -12.678  1.00 O
 86.886   7.979 -14.527  1.00 H
 89.488   7.435 -15.915  1.00 H
 88.668   6.919 -13.032  1.00 H
 90.282   6.704 -13.711  1.00 H
 91.529   8.737 -14.589  1.00 H
 87.913   9.054 -12.295  1.00 H
 92.034  11.122 -14.119  1.00 H
 88.419  11.435 -11.822  1.00 H
 90.778  13.180 -13.507  1.00 H
 88.185   5.320 -16.664  1.00 N
 87.671   3.962 -16.991  1.00 C
 88.651   2.851 -16.575  1.00 C
 88.337   1.680 -16.689  1.00 O
 87.491   4.000 -18.506  1.00 C
 88.430   5.059 -18.985  1.00 C
 88.569   6.066 -17.874  1.00 C
 86.716   3.811 -16.517  1.00 H
 87.749   3.042 -18.937  1.00 H
 86.477   4.267 -18.758  1.00 H
 89.391   4.622 -19.214  1.00 H
 88.025   5.541 -19.862  1.00 H
 89.593   6.409 -17.803  1.00 H
 87.898   6.896 -18.029  1.00 H
 89.823   3.193 -16.095  1.00 N
 90.795   2.135 -15.679  1.00 C
 91.424   2.489 -14.327  1.00 C
 91.584   3.645 -13.988  1.00 O
 91.853   2.114 -16.780  1.00 C
 91.214   2.202 -18.047  1.00 O
 92.648   0.811 -16.699  1.00 C
 90.060   4.138 -16.008  1.00 H
 90.304   1.177 -15.628  1.00 H
 92.521   2.949 -16.653  1.00 H
 91.674   2.865 -18.566  1.00 H
 92.020  -0.013 -17.006  1.00 H
 92.979   0.653 -15.684  1.00 H
 93.506   0.872 -17.352  1.00 H
 91.769   1.489 -13.553  1.00 N
 92.378   1.743 -12.209  1.00 C
 93.814   2.254 -12.358  1.00 C
 94.673   1.561 -12.870  1.00 O
 92.381   0.376 -11.516  1.00 C
 92.970   0.504 -10.104  1.00 C
 91.970   1.221  -9.187  1.00 C
 93.272  -0.894  -9.550  1.00 C
 91.618   0.566 -13.855  1.00 H
 91.779   2.439 -11.640  1.00 H
 91.367   0.006 -11.449  1.00 H
 92.979  -0.317 -12.090  1.00 H
 93.886   1.079 -10.149  1.00 H
 91.192   1.677  -9.783  1.00 H
 92.484   1.986  -8.624  1.00 H
 91.528   0.510  -8.504  1.00 H
 93.384  -1.591 -10.368  1.00 H
 92.459  -1.213  -8.914  1.00 H
 94.186  -0.864  -8.976  1.00 H
 94.079   3.451 -11.909  1.00 N
 95.465   3.999 -12.016  1.00 C
 95.442   5.528 -12.131  1.00 C
 96.301   6.113 -12.766  1.00 O
 93.370   3.988 -11.510  1.00 H
 96.026   3.716 -11.138  1.00 H
 95.942   3.586 -12.892  1.00 H
 94.487   6.184 -11.515  1.00 N
 94.439   7.669 -11.585  1.00 C
 93.616   8.227 -10.421  1.00 C
 94.038   9.151  -9.750  1.00 O
 93.785   7.981 -12.924  1.00 C
 94.182   9.392 -13.363  1.00 C
 93.863   9.603 -14.851  1.00 C
 93.552   8.632 -15.526  1.00 O
 93.947  10.737 -15.294  1.00 O
 93.809   5.704 -11.003  1.00 H
 95.434   8.084 -11.563  1.00 H
 94.118   7.265 -13.660  1.00 H
 92.714   7.924 -12.821  1.00 H
 93.636  10.113 -12.776  1.00 H
 95.241   9.531 -13.204  1.00 H
 92.458   7.663 -10.154  1.00 N
 91.636   8.161  -9.004  1.00 C
 92.456   7.973  -7.702  1.00 C
 92.780   8.943  -7.045  1.00 O
 90.333   7.327  -9.053  1.00 C
 89.659   7.249  -7.676  1.00 C
 89.370   7.987 -10.039  1.00 C
 92.146   6.905 -10.695  1.00 H
 91.407   9.207  -9.144  1.00 H
 90.557   6.332  -9.401  1.00 H
 88.612   7.016  -7.802  1.00 H
 89.759   8.199  -7.172  1.00 H
 90.133   6.477  -7.088  1.00 H
 89.809   7.980 -11.024  1.00 H
 89.183   9.006  -9.733  1.00 H
 88.439   7.440 -10.055  1.00 H
 92.816   6.742  -7.397  1.00 N
 93.659   6.479  -6.200  1.00 C
 95.111   6.861  -6.507  1.00 C
 95.885   7.196  -5.632  1.00 O
 93.568   4.967  -6.020  1.00 C
 93.257   4.432  -7.379  1.00 C
 92.481   5.494  -8.105  1.00 C
 93.290   6.982  -5.321  1.00 H
 94.514   4.576  -5.669  1.00 H
 92.776   4.714  -5.335  1.00 H
 94.177   4.218  -7.906  1.00 H
 92.660   3.537  -7.296  1.00 H
 92.787   5.546  -9.141  1.00 H
 91.425   5.297  -8.028  1.00 H
 95.481   6.772  -7.759  1.00 N
 96.874   7.078  -8.184  1.00 C
 97.376   5.876  -8.986  1.00 C
 97.638   5.969 -10.168  1.00 O
 94.835   6.476  -8.427  1.00 H
 96.882   7.967  -8.801  1.00 H
 97.499   7.221  -7.318  1.00 H
 97.448   4.734  -8.333  1.00 N
 97.867   3.437  -8.979  1.00 C
 98.202   2.389  -7.885  1.00 C
 97.597   1.334  -7.861  1.00 O
 99.065   3.713  -9.941  1.00 C
 99.822   2.433 -10.266  1.00 C
 99.121   1.250 -10.547  1.00 C
101.222   2.434 -10.287  1.00 C
 99.819   0.075 -10.846  1.00 C
101.920   1.257 -10.587  1.00 C
101.218   0.078 -10.866  1.00 C
 97.173   4.721  -7.397  1.00 H
 97.039   3.083  -9.575  1.00 H
 98.675   4.121 -10.862  1.00 H
 99.731   4.427  -9.504  1.00 H
 98.042   1.247 -10.531  1.00 H
101.765   3.342 -10.072  1.00 H
 99.279  -0.835 -11.061  1.00 H
103.000   1.258 -10.603  1.00 H
101.757  -0.830 -11.098  1.00 H
 99.158   2.686  -7.014  1.00 N
 99.544   1.735  -5.952  1.00 C
 98.900   2.118  -4.612  1.00 C
 99.344   1.689  -3.563  1.00 O
101.053   1.946  -5.869  1.00 C
101.291   3.352  -6.364  1.00 C
 99.980   3.888  -6.898  1.00 C
 99.320   0.718  -6.228  1.00 H
101.388   1.844  -4.846  1.00 H
101.566   1.241  -6.504  1.00 H
101.637   3.971  -5.550  1.00 H
102.025   3.342  -7.155  1.00 H
 99.544   4.586  -6.193  1.00 H
100.126   4.349  -7.844  1.00 H
 97.872   2.929  -4.635  1.00 N
 97.215   3.352  -3.364  1.00 C
 95.715   3.071  -3.447  1.00 C
 94.895   3.875  -3.045  1.00 O
 97.485   4.855  -3.269  1.00 C
 98.984   5.095  -3.073  1.00 C
 99.700   5.346  -4.022  1.00 O
 99.491   5.031  -1.873  1.00 N
 97.534   3.269  -5.487  1.00 H
 97.657   2.839  -2.520  1.00 H
 97.158   5.337  -4.180  1.00 H
 96.944   5.266  -2.430  1.00 H
 98.914   4.833  -1.106  1.00 H
100.453   5.184  -1.738  1.00 H
 95.361   1.929  -3.973  1.00 N
 93.922   1.564  -4.105  1.00 C
 93.659   0.232  -3.395  1.00 C
 94.464  -0.684  -3.437  1.00 O
 93.668   1.463  -5.616  1.00 C
 94.530   0.353  -6.230  1.00 C
 92.188   1.157  -5.866  1.00 C
 96.051   1.308  -4.287  1.00 H
 93.293   2.328  -3.676  1.00 H
 93.920   2.405  -6.080  1.00 H
 94.351   0.309  -7.295  1.00 H
 94.270  -0.594  -5.783  1.00 H
 95.572   0.564  -6.050  1.00 H
 91.606   1.452  -5.005  1.00 H
 92.061   0.099  -6.041  1.00 H
 91.850   1.707  -6.732  1.00 H
 92.535   0.134  -2.733  1.00 N
 92.194  -1.117  -2.001  1.00 C
 90.721  -1.087  -1.610  1.00 C
 90.070  -0.065  -1.687  1.00 O
 91.918   0.898  -2.708  1.00 H
 92.387  -1.972  -2.632  1.00 H
 92.793  -1.179  -1.107  1.00 H
 90.207  -2.199  -1.156  1.00 N
 88.784  -2.251  -0.727  1.00 C
 88.677  -1.666   0.677  1.00 C
 89.642  -1.638   1.418  1.00 O
 90.774  -2.994  -1.068  1.00 H
 88.178  -1.671  -1.411  1.00 H
 88.443  -3.275  -0.716  1.00 H
 87.514  -1.210   1.055  1.00 N
 87.335  -0.638   2.415  1.00 C
 85.903  -0.961   2.921  1.00 C
 84.978  -1.029   2.137  1.00 O
 87.591   0.873   2.252  1.00 C
 86.579   1.491   1.273  1.00 C
 89.013   1.098   1.723  1.00 C
 85.689   2.497   2.007  1.00 C
 86.750  -1.258   0.447  1.00 H
 88.066  -1.062   3.085  1.00 H
 87.508   1.348   3.207  1.00 H
 87.109   2.004   0.484  1.00 H
 85.969   0.714   0.847  1.00 H
 89.298   2.128   1.883  1.00 H
 89.044   0.877   0.666  1.00 H
 89.699   0.449   2.246  1.00 H
 86.221   2.894   2.860  1.00 H
 84.788   2.008   2.341  1.00 H
 85.432   3.306   1.338  1.00 H
 85.781  -1.191   4.215  1.00 N
 84.464  -1.565   4.843  1.00 C
 83.353  -0.505   4.711  1.00 C
 82.227  -0.764   5.099  1.00 O
 84.830  -1.748   6.321  1.00 C
 86.065  -0.943   6.506  1.00 C
 86.840  -1.120   5.236  1.00 C
 84.106  -2.518   4.481  1.00 H
 84.035  -1.376   6.953  1.00 H
 85.029  -2.787   6.534  1.00 H
 85.811   0.096   6.656  1.00 H
 86.637  -1.318   7.340  1.00 H
 87.493  -0.277   5.063  1.00 H
 87.400  -2.042   5.255  1.00 H
 83.630   0.675   4.214  1.00 N
 82.546   1.714   4.127  1.00 C
 81.904   1.776   2.734  1.00 C
 81.307   2.768   2.368  1.00 O
 83.219   3.040   4.480  1.00 C
 83.585   3.063   5.970  1.00 C
 82.961   2.341   6.731  1.00 O
 84.486   3.806   6.323  1.00 O
 84.538   0.896   3.936  1.00 H
 81.776   1.493   4.844  1.00 H
 84.114   3.153   3.888  1.00 H
 82.541   3.854   4.267  1.00 H
 81.988   0.717   1.973  1.00 N
 81.347   0.703   0.618  1.00 C
 80.150  -0.257   0.658  1.00 C
 80.255  -1.371   1.134  1.00 O
 82.431   0.203  -0.340  1.00 C
 83.674   1.106  -0.238  1.00 C
 81.907   0.209  -1.778  1.00 C
 83.324   2.555  -0.599  1.00 C
 82.450  -0.079   2.302  1.00 H
 81.016   1.684   0.326  1.00 H
 82.695  -0.799  -0.070  1.00 H
 84.047   1.074   0.773  1.00 H
 84.434   0.746  -0.913  1.00 H
 80.884  -0.134  -1.790  1.00 H
 82.513  -0.451  -2.384  1.00 H
 81.957   1.210  -2.180  1.00 H
 82.905   2.589  -1.593  1.00 H
 84.219   3.159  -0.565  1.00 H
 82.604   2.938   0.109  1.00 H
 79.003   0.185   0.197  1.00 N
 77.782  -0.681   0.250  1.00 C
 77.678  -1.622  -0.946  1.00 C
 77.422  -2.800  -0.774  1.00 O
 76.607   0.296   0.261  1.00 C
 78.937   1.096  -0.154  1.00 H
 77.776  -1.256   1.154  1.00 H
 75.682  -0.254   0.358  1.00 H
 76.597   0.858  -0.662  1.00 H
 76.711   0.975   1.095  1.00 H
 77.850  -1.137  -2.150  1.00 N
 77.727  -2.057  -3.313  1.00 C
 77.948  -1.332  -4.640  1.00 C
 78.918  -0.624  -4.832  1.00 O
 78.046  -0.185  -2.280  1.00 H
 78.454  -2.846  -3.215  1.00 H
 76.737  -2.489  -3.307  1.00 H
 77.057  -1.551  -5.568  1.00 N
 77.177  -0.940  -6.926  1.00 C
 77.317   0.585  -6.886  1.00 C
 77.823   1.176  -7.822  1.00 O
 75.887  -1.305  -7.659  1.00 C
 76.088  -1.018  -9.113  1.00 C
 76.966  -1.667  -9.911  1.00 C
 75.441  -0.014  -9.947  1.00 C
 76.900  -1.126 -11.182  1.00 N
 75.974  -0.105 -11.256  1.00 C
 74.454   0.956  -9.701  1.00 C
 75.545   0.737 -12.281  1.00 C
 74.018   1.805 -10.732  1.00 C
 74.564   1.696 -12.019  1.00 C
 76.310  -2.156  -5.373  1.00 H
 78.001  -1.374  -7.466  1.00 H
 75.672  -2.354  -7.519  1.00 H
 75.070  -0.708  -7.280  1.00 H
 77.614  -2.475  -9.606  1.00 H
 77.436  -1.417 -11.949  1.00 H
 74.026   1.048  -8.714  1.00 H
 75.971   0.651 -13.269  1.00 H
 73.259   2.547 -10.532  1.00 H
 74.224   2.351 -12.808  1.00 H
 76.879   1.235  -5.833  1.00 N
 76.997   2.724  -5.776  1.00 C
 77.202   3.198  -4.332  1.00 C
 76.377   3.900  -3.777  1.00 O
 75.664   3.250  -6.325  1.00 C
 75.711   3.331  -7.856  1.00 C
 76.803   3.357  -8.404  1.00 O
 74.650   3.379  -8.455  1.00 O
 76.488   0.752  -5.077  1.00 H
 77.800   3.049  -6.417  1.00 H
 74.868   2.583  -6.028  1.00 H
 75.476   4.235  -5.923  1.00 H
 78.283   2.800  -3.717  1.00 N
 78.534   3.202  -2.297  1.00 C
 78.572   4.733  -2.157  1.00 C
 79.088   5.413  -3.023  1.00 O
 79.895   2.606  -1.950  1.00 C
 80.854   3.037  -2.906  1.00 O
 78.920   2.219  -4.183  1.00 H
 77.778   2.781  -1.655  1.00 H
 80.196   2.938  -0.971  1.00 H
 79.821   1.529  -1.957  1.00 H
 80.986   2.323  -3.536  1.00 H
 78.028   5.237  -1.066  1.00 N
 78.022   6.701  -0.841  1.00 C
 79.399   7.184  -0.371  1.00 C
 79.726   8.350  -0.486  1.00 O
 76.982   6.897   0.256  1.00 C
 76.933   5.596   0.994  1.00 C
 77.377   4.514   0.042  1.00 C
 77.719   7.223  -1.735  1.00 H
 77.285   7.695   0.919  1.00 H
 76.017   7.112  -0.175  1.00 H
 77.597   5.634   1.846  1.00 H
 75.923   5.398   1.322  1.00 H
 78.080   3.850   0.529  1.00 H
 76.527   3.961  -0.325  1.00 H
 80.202   6.296   0.169  1.00 N
 81.552   6.701   0.658  1.00 C
 82.633   6.384  -0.382  1.00 C
 83.808   6.396  -0.076  1.00 O
 81.774   5.874   1.921  1.00 C
 80.754   6.173   2.864  1.00 O
 79.915   5.365   0.259  1.00 H
 81.557   7.750   0.904  1.00 H
 81.736   4.828   1.676  1.00 H
 82.746   6.109   2.338  1.00 H
 81.138   6.121   3.743  1.00 H
 82.253   6.090  -1.601  1.00 N
 83.277   5.774  -2.641  1.00 C
 84.084   7.034  -2.968  1.00 C
 83.548   8.123  -3.042  1.00 O
 82.485   5.295  -3.866  1.00 C
 83.204   3.762  -4.509  1.00 S
 81.301   6.071  -1.829  1.00 H
 83.932   4.996  -2.284  1.00 H
 81.458   5.116  -3.581  1.00 H
 82.517   6.055  -4.633  1.00 H
 85.367   6.885  -3.177  1.00 N
 86.218   8.063  -3.515  1.00 C
 86.567   8.850  -2.248  1.00 C
 86.545  10.066  -2.239  1.00 O
 85.760   5.987  -3.128  1.00 H
 87.128   7.720  -3.986  1.00 H
 85.683   8.708  -4.197  1.00 H
 86.898   8.166  -1.182  1.00 N
 87.261   8.869   0.088  1.00 C
 88.691   8.507   0.503  1.00 C
 89.087   7.359   0.527  1.00 O
 86.237   8.412   1.130  1.00 C
 84.937   8.774   0.691  1.00 O
 86.523   9.093   2.470  1.00 C
 86.913   7.186  -1.217  1.00 H
 87.198   9.939  -0.037  1.00 H
 86.295   7.342   1.252  1.00 H
 84.779   8.347  -0.154  1.00 H
 85.916   8.639   3.240  1.00 H
 86.284  10.144   2.398  1.00 H
 87.568   8.976   2.718  1.00 H
 89.467   9.516   0.789  1.00 N
 90.903   9.317   1.166  1.00 C
 91.062   8.900   2.635  1.00 C
 90.402   9.423   3.513  1.00 O
 91.531  10.700   0.964  1.00 C
 93.321  10.599   1.211  1.00 S
 89.101  10.422   0.718  1.00 H
 91.379   8.620   0.495  1.00 H
 91.326  11.044  -0.039  1.00 H
 91.109  11.394   1.676  1.00 H
 91.963   7.985   2.906  1.00 N
 92.207   7.553   4.318  1.00 C
 93.684   7.229   4.527  1.00 C
 94.369   6.801   3.616  1.00 O
 91.388   6.287   4.523  1.00 C
 89.968   6.633   4.808  1.00 C
 89.012   6.754   3.874  1.00 C
 89.327   6.904   6.090  1.00 C
 87.810   7.030   4.494  1.00 N
 87.955   7.159   5.861  1.00 C
 89.794   6.946   7.415  1.00 C
 87.077   7.444   6.906  1.00 C
 88.915   7.237   8.471  1.00 C
 87.558   7.486   8.217  1.00 C
 92.497   7.597   2.180  1.00 H
 91.886   8.317   5.008  1.00 H
 91.434   5.681   3.630  1.00 H
 91.794   5.729   5.355  1.00 H
 89.152   6.609   2.813  1.00 H
 86.954   7.135   4.035  1.00 H
 90.837   6.756   7.623  1.00 H
 86.034   7.634   6.703  1.00 H
 89.286   7.271   9.485  1.00 H
 86.887   7.710   9.032  1.00 H
 94.173   7.406   5.725  1.00 N
 95.598   7.086   6.012  1.00 C
 95.657   5.843   6.902  1.00 C
 94.935   5.741   7.877  1.00 O
 96.143   8.310   6.748  1.00 C
 97.658   8.179   6.901  1.00 C
 98.207   9.405   7.634  1.00 C
 99.727   9.285   7.755  1.00 C
100.177  10.586   8.326  1.00 N
 93.596   7.732   6.447  1.00 H
 96.145   6.926   5.096  1.00 H
 95.911   9.201   6.183  1.00 H
 95.687   8.374   7.725  1.00 H
 97.886   7.288   7.470  1.00 H
 98.115   8.110   5.926  1.00 H
 97.958  10.297   7.076  1.00 H
 97.771   9.461   8.621  1.00 H
 99.987   8.470   8.418  1.00 H
100.171   9.136   6.783  1.00 H
 99.918  10.630   9.333  1.00 H
 99.718  11.369   7.818  1.00 H
101.210  10.668   8.229  1.00 H
 96.497   4.896   6.573  1.00 N
 96.584   3.656   7.402  1.00 C
 97.916   3.630   8.154  1.00 C
 98.964   3.841   7.575  1.00 O
 96.480   2.495   6.406  1.00 C
 96.542   1.165   7.158  1.00 C
 95.150   2.587   5.654  1.00 C
 97.064   4.996   5.780  1.00 H
 95.763   3.617   8.103  1.00 H
 97.299   2.549   5.703  1.00 H
 95.708   1.101   7.843  1.00 H
 97.468   1.103   7.710  1.00 H
 96.488   0.350   6.451  1.00 H
 94.364   2.857   6.344  1.00 H
 94.922   1.631   5.206  1.00 H
 95.224   3.339   4.882  1.00 H
 97.871   3.417   9.447  1.00 N
 99.119   3.422  10.271  1.00 C
 99.340   2.077  10.971  1.00 C
 98.401   1.441  11.425  1.00 O
 98.869   4.506  11.320  1.00 C
 98.485   5.710  10.671  1.00 O
100.147   4.744  12.128  1.00 C
 97.006   3.289   9.890  1.00 H
 99.983   3.694   9.685  1.00 H
 98.081   4.188  11.987  1.00 H
 97.541   5.828  10.799  1.00 H
100.781   3.871  12.068  1.00 H
 99.890   4.931  13.160  1.00 H
100.672   5.598  11.727  1.00 H
100.576   1.647  11.069  1.00 N
100.870   0.343  11.746  1.00 C
101.797   0.568  12.963  1.00 C
102.393   1.620  13.091  1.00 O
101.544  -0.523  10.672  1.00 C
102.824   0.162  10.180  1.00 C
100.588  -0.712   9.493  1.00 C
103.719  -0.868   9.487  1.00 C
101.311   2.183  10.699  1.00 H
 99.951  -0.109  12.080  1.00 H
101.792  -1.488  11.085  1.00 H
102.567   0.945   9.479  1.00 H
103.352   0.587  11.019  1.00 H
 99.582  -0.843   9.863  1.00 H
100.881  -1.585   8.928  1.00 H
100.626   0.159   8.856  1.00 H
103.752  -1.771  10.078  1.00 H
104.718  -0.468   9.386  1.00 H
103.321  -1.092   8.509  1.00 H
101.865  -0.422  13.838  1.00 N
102.701  -0.311  15.074  1.00 C
104.194  -0.147  14.765  1.00 C
104.941   0.374  15.574  1.00 O
102.442  -1.636  15.795  1.00 C
102.003  -2.570  14.721  1.00 C
101.195  -1.735  13.773  1.00 C
102.347   0.492  15.701  1.00 H
103.350  -1.995  16.262  1.00 H
101.658  -1.521  16.528  1.00 H
102.864  -2.989  14.217  1.00 H
101.389  -3.354  15.133  1.00 H
101.236  -2.148  12.778  1.00 H
100.174  -1.649  14.112  1.00 H
104.636  -0.577  13.611  1.00 N
106.087  -0.435  13.263  1.00 C
106.444   1.047  13.119  1.00 C
107.494   1.493  13.545  1.00 O
106.258  -1.160  11.928  1.00 C
106.108  -2.667  12.138  1.00 C
106.350  -3.169  13.218  1.00 O
105.713  -3.416  11.145  1.00 N
104.017  -0.981  12.969  1.00 H
106.702  -0.899  14.014  1.00 H
105.504  -0.815  11.236  1.00 H
107.239  -0.950  11.528  1.00 H
105.517  -3.010  10.275  1.00 H
105.614  -4.383  11.269  1.00 H
105.563   1.802  12.525  1.00 N
105.817   3.261  12.348  1.00 C
105.867   3.603  10.861  1.00 C
106.861   4.098  10.362  1.00 O
104.727   1.393  12.221  1.00 H
105.022   3.822  12.819  1.00 H
106.760   3.520  12.804  1.00 H
104.795   3.361  10.156  1.00 N
104.755   3.684   8.703  1.00 C
103.299   3.777   8.252  1.00 C
102.432   3.129   8.819  1.00 O
105.474   2.527   8.007  1.00 C
105.744   2.894   6.544  1.00 C
105.729   4.054   6.180  1.00 O
105.997   1.946   5.684  1.00 N
104.008   2.979  10.595  1.00 H
105.275   4.612   8.525  1.00 H
106.410   2.332   8.509  1.00 H
104.854   1.644   8.045  1.00 H
106.011   1.009   5.977  1.00 H
106.172   2.170   4.745  1.00 H
103.013   4.577   7.258  1.00 N
101.601   4.704   6.799  1.00 C
101.510   5.051   5.311  1.00 C
102.418   5.601   4.721  1.00 O
101.009   5.825   7.648  1.00 C
101.286   5.573   9.019  1.00 O
103.722   5.099   6.827  1.00 H
101.067   3.794   6.980  1.00 H
101.450   6.764   7.363  1.00 H
 99.939   5.869   7.487  1.00 H
102.187   5.856   9.196  1.00 H
100.393   4.732   4.721  1.00 N
100.150   5.023   3.276  1.00 C
 98.721   5.539   3.120  1.00 C
 97.920   5.408   4.029  1.00 O
100.317   3.686   2.539  1.00 C
 99.362   2.637   3.117  1.00 C
101.757   3.196   2.678  1.00 C
 99.349   1.407   2.208  1.00 C
 99.685   4.300   5.246  1.00 H
100.855   5.742   2.890  1.00 H
100.095   3.831   1.493  1.00 H
 99.697   2.355   4.102  1.00 H
 98.366   3.050   3.177  1.00 H
102.424   4.045   2.717  1.00 H
102.009   2.579   1.828  1.00 H
101.855   2.618   3.585  1.00 H
 99.199   0.519   2.804  1.00 H
100.293   1.335   1.687  1.00 H
 98.548   1.499   1.490  1.00 H
 98.382   6.121   1.994  1.00 N
 96.987   6.632   1.835  1.00 C
 96.201   5.730   0.882  1.00 C
 96.632   5.446  -0.220  1.00 O
 97.130   8.039   1.253  1.00 C
 97.896   8.911   2.218  1.00 C
 97.227   9.538   3.275  1.00 C
 99.275   9.093   2.053  1.00 C
 97.936  10.346   4.171  1.00 C
 99.984   9.902   2.949  1.00 C
 99.315  10.528   4.008  1.00 C
 99.036   6.223   1.271  1.00 H
 96.534   6.676   2.813  1.00 H
 97.664   7.986   0.314  1.00 H
 96.149   8.461   1.087  1.00 H
 96.164   9.397   3.401  1.00 H
 99.789   8.610   1.235  1.00 H
 97.420  10.830   4.987  1.00 H
101.047  10.042   2.824  1.00 H
 99.863  11.152   4.698  1.00 H
 95.054   5.274   1.310  1.00 N
 94.228   4.378   0.448  1.00 C
 92.907   5.062   0.093  1.00 C
 92.213   5.563   0.960  1.00 O
 93.980   3.123   1.297  1.00 C
 95.322   2.466   1.668  1.00 C
 93.117   2.124   0.518  1.00 C
 96.099   2.080   0.401  1.00 C
 94.737   5.516   2.205  1.00 H
 94.769   4.115  -0.448  1.00 H
 93.461   3.407   2.202  1.00 H
 95.911   3.162   2.250  1.00 H
 95.134   1.579   2.255  1.00 H
 92.150   2.561   0.322  1.00 H
 92.995   1.223   1.101  1.00 H
 93.601   1.884  -0.417  1.00 H
 96.765   1.259   0.625  1.00 H
 96.675   2.927   0.061  1.00 H
 95.407   1.781  -0.371  1.00 H
 92.552   5.088  -1.168  1.00 N
 91.272   5.734  -1.567  1.00 C
 90.218   4.642  -1.768  1.00 C
 90.483   3.607  -2.349  1.00 O
 91.599   6.481  -2.864  1.00 C
 90.423   7.362  -3.284  1.00 C
 90.792   8.107  -4.572  1.00 C
 89.629   8.992  -4.859  1.00 N
 89.818  10.160  -5.411  1.00 C
 90.708  10.978  -4.919  1.00 N
 89.117  10.511  -6.454  1.00 N
 93.118   4.681  -1.853  1.00 H
 90.952   6.412  -0.794  1.00 H
 92.471   7.101  -2.708  1.00 H
 91.804   5.765  -3.646  1.00 H
 89.553   6.745  -3.458  1.00 H
 90.209   8.079  -2.504  1.00 H
 91.687   8.695  -4.420  1.00 H
 90.936   7.408  -5.385  1.00 H
 88.724   8.698  -4.633  1.00 H
 91.246  10.711  -4.119  1.00 H
 90.854  11.872  -5.342  1.00 H
 88.434   9.884  -6.831  1.00 H
 89.262  11.405  -6.877  1.00 H
 89.036   4.856  -1.250  1.00 N
 87.957   3.827  -1.355  1.00 C
 87.708   3.432  -2.810  1.00 C
 87.839   4.230  -3.718  1.00 O
 88.869   5.692  -0.766  1.00 H
 88.254   2.951  -0.798  1.00 H
 87.044   4.223  -0.936  1.00 H
 87.325   2.199  -3.026  1.00 N
 87.032   1.709  -4.408  1.00 C
 86.145   0.440  -4.345  1.00 C
 85.256   0.263  -5.154  1.00 O
 88.412   1.433  -5.045  1.00 C
 89.019   0.122  -4.527  1.00 C
 88.253   1.338  -6.564  1.00 C
 87.205   1.581  -2.282  1.00 H
 86.522   2.471  -4.977  1.00 H
 89.079   2.248  -4.810  1.00 H
 88.562  -0.714  -5.037  1.00 H
 88.840   0.040  -3.472  1.00 H
 90.083   0.119  -4.714  1.00 H
 89.226   1.368  -7.030  1.00 H
 87.660   2.169  -6.916  1.00 H
 87.761   0.411  -6.817  1.00 H
 86.373  -0.433  -3.386  1.00 N
 85.555  -1.681  -3.248  1.00 C
 85.134  -1.858  -1.783  1.00 C
 85.600  -1.154  -0.916  1.00 O
 86.493  -2.818  -3.662  1.00 C
 85.758  -4.160  -3.559  1.00 C
 84.938  -4.437  -4.420  1.00 O
 86.021  -4.885  -2.613  1.00 O
 87.082  -0.272  -2.735  1.00 H
 84.687  -1.670  -3.881  1.00 H
 86.824  -2.662  -4.678  1.00 H
 87.347  -2.829  -3.004  1.00 H
 84.247  -2.785  -1.508  1.00 N
 83.794  -3.005  -0.099  1.00 C
 84.563  -4.161   0.548  1.00 C
 85.141  -4.990  -0.128  1.00 O
 82.307  -3.338  -0.209  1.00 C
 82.154  -4.598  -0.848  1.00 O
 83.874  -3.324  -2.233  1.00 H
 83.929  -2.110   0.482  1.00 H
 81.871  -3.382   0.775  1.00 H
 81.810  -2.568  -0.786  1.00 H
 81.233  -4.857  -0.775  1.00 H
 84.572  -4.210   1.858  1.00 N
 85.303  -5.299   2.565  1.00 C
 84.394  -5.950   3.609  1.00 C
 83.631  -5.290   4.288  1.00 O
 84.101  -3.523   2.373  1.00 H
 85.614  -6.042   1.846  1.00 H
 86.171  -4.891   3.058  1.00 H
 84.495  -7.242   3.748  1.00 N
 83.667  -7.974   4.760  1.00 C
 83.973  -7.471   6.175  1.00 C
 83.087  -7.327   6.996  1.00 O
 84.080  -9.440   4.617  1.00 C
 83.564  -9.988   3.285  1.00 C
 83.976 -11.455   3.141  1.00 C
 83.325 -12.163   4.282  1.00 N
 83.573 -13.427   4.491  1.00 C
 83.274 -14.310   3.578  1.00 N
 84.119 -13.808   5.613  1.00 N
 85.135  -7.734   3.192  1.00 H
 82.618  -7.874   4.547  1.00 H
 85.158  -9.510   4.643  1.00 H
 83.661 -10.014   5.430  1.00 H
 82.486  -9.913   3.262  1.00 H
 83.983  -9.415   2.472  1.00 H
 83.622 -11.851   2.199  1.00 H
 85.049 -11.551   3.211  1.00 H
 82.712 -11.681   4.876  1.00 H
 82.855 -14.019   2.718  1.00 H
 83.464 -15.279   3.737  1.00 H
 84.347 -13.131   6.312  1.00 H
 84.309 -14.776   5.774  1.00 H
 85.223  -7.213   6.462  1.00 N
 85.596  -6.728   7.825  1.00 C
 87.087  -6.389   7.880  1.00 C
 87.865  -7.087   8.504  1.00 O
 85.905  -7.345   5.770  1.00 H
 85.019  -5.845   8.060  1.00 H
 85.382  -7.500   8.550  1.00 H
 87.485  -5.316   7.245  1.00 N
 88.922  -4.923   7.277  1.00 C
 89.295  -4.176   5.997  1.00 C
 88.545  -4.144   5.041  1.00 O
 86.836  -4.761   6.767  1.00 H
 89.098  -4.283   8.130  1.00 H
 89.534  -5.809   7.362  1.00 H
 90.455  -3.579   5.980  1.00 N
 90.920  -2.823   4.782  1.00 C
 91.866  -3.694   3.949  1.00 C
 92.819  -4.249   4.462  1.00 O
 91.682  -1.636   5.369  1.00 C
 90.726  -0.723   6.107  1.00 C
 90.102   0.319   5.423  1.00 C
 90.470  -0.914   7.472  1.00 C
 89.222   1.174   6.096  1.00 C
 89.585  -0.057   8.145  1.00 C
 88.962   0.990   7.452  1.00 C
 91.042  -3.615   6.763  1.00 H
 90.108  -2.473   4.163  1.00 H
 92.434  -1.997   6.056  1.00 H
 92.159  -1.085   4.572  1.00 H
 90.302   0.468   4.372  1.00 H
 90.950  -1.721   8.004  1.00 H
 88.743   1.980   5.563  1.00 H
 89.386  -0.202   9.197  1.00 H
 88.281   1.659   7.962  1.00 H
 91.613  -3.816   2.668  1.00 N
 92.503  -4.651   1.806  1.00 C
 93.097  -3.784   0.692  1.00 C
 92.383  -3.052   0.037  1.00 O
 91.581  -5.729   1.232  1.00 C
 92.408  -6.786   0.502  1.00 C
 93.439  -6.485  -0.065  1.00 O
 91.997  -8.026   0.495  1.00 N
 90.840  -3.357   2.276  1.00 H
 93.259  -5.100   2.429  1.00 H
 91.032  -6.196   2.037  1.00 H
 90.887  -5.276   0.540  1.00 H
 91.166  -8.269   0.957  1.00 H
 92.516  -8.713   0.029  1.00 H
 94.390  -3.836   0.479  1.00 N
 94.998  -2.979  -0.590  1.00 C
 95.919  -3.791  -1.498  1.00 C
 96.179  -4.953  -1.257  1.00 O
 95.803  -1.907   0.156  1.00 C
 94.857  -1.053   1.003  1.00 C
 96.844  -2.572   1.067  1.00 C
 94.957  -4.420   1.022  1.00 H
 94.214  -2.512  -1.157  1.00 H
 96.306  -1.273  -0.564  1.00 H
 94.157  -1.692   1.520  1.00 H
 94.317  -0.370   0.365  1.00 H
 95.431  -0.490   1.726  1.00 H
 96.460  -2.625   2.076  1.00 H
 97.754  -1.991   1.058  1.00 H
 97.051  -3.570   0.709  1.00 H
 96.420  -3.183  -2.546  1.00 N
 97.336  -3.921  -3.473  1.00 C
 98.525  -4.498  -2.688  1.00 C
 98.897  -3.961  -1.663  1.00 O
 97.837  -2.871  -4.471  1.00 C
 96.704  -2.458  -5.411  1.00 C
 95.557  -2.790  -5.188  1.00 O
 96.980  -1.736  -6.462  1.00 N
 96.182  -2.248  -2.732  1.00 H
 96.805  -4.703  -3.992  1.00 H
 98.189  -2.004  -3.932  1.00 H
 98.648  -3.286  -5.050  1.00 H
 97.905  -1.461  -6.640  1.00 H
 96.262  -1.477  -7.081  1.00 H
 99.092  -5.571  -3.188  1.00 N
100.248  -6.193  -2.503  1.00 C
101.443  -5.248  -2.534  1.00 C
102.283  -5.295  -1.657  1.00 O
100.507  -7.472  -3.298  1.00 C
 99.927  -7.199  -4.647  1.00 C
 98.742  -6.296  -4.421  1.00 C
100.033  -6.433  -1.473  1.00 H
101.571  -7.659  -3.371  1.00 H
100.005  -8.311  -2.841  1.00 H
100.659  -6.708  -5.274  1.00 H
 99.600  -8.121  -5.105  1.00 H
 98.625  -5.610  -5.251  1.00 H
 97.847  -6.874  -4.271  1.00 H
101.524  -4.370  -3.501  1.00 N
102.667  -3.413  -3.534  1.00 C
102.501  -2.400  -2.399  1.00 C
103.456  -2.045  -1.736  1.00 O
102.598  -2.730  -4.893  1.00 C
102.658  -3.710  -5.920  1.00 O
103.774  -1.763  -5.041  1.00 C
100.823  -4.331  -4.184  1.00 H
103.593  -3.946  -3.398  1.00 H
101.672  -2.181  -4.960  1.00 H
102.411  -3.288  -6.746  1.00 H
103.839  -1.432  -6.067  1.00 H
104.689  -2.266  -4.766  1.00 H
103.624  -0.911  -4.395  1.00 H
101.294  -1.951  -2.154  1.00 N
101.074  -0.982  -1.041  1.00 C
101.302  -1.701   0.284  1.00 C
101.905  -1.167   1.196  1.00 O
 99.615  -0.523  -1.168  1.00 C
100.534  -2.269  -2.686  1.00 H
101.740  -0.141  -1.124  1.00 H
 99.137  -0.568  -0.199  1.00 H
 99.093  -1.170  -1.857  1.00 H
 99.586   0.493  -1.537  1.00 H
100.838  -2.916   0.384  1.00 N
101.039  -3.697   1.648  1.00 C
102.535  -3.871   1.946  1.00 C
102.985  -3.632   3.051  1.00 O
100.404  -5.063   1.376  1.00 C
100.445  -5.889   2.638  1.00 C
101.559  -6.691   2.916  1.00 C
 99.373  -5.845   3.537  1.00 C
101.599  -7.450   4.091  1.00 C
 99.414  -6.602   4.712  1.00 C
100.527  -7.405   4.990  1.00 C
100.364  -3.333  -0.371  1.00 H
100.553  -3.235   2.492  1.00 H
 99.378  -4.928   1.064  1.00 H
100.957  -5.568   0.597  1.00 H
102.386  -6.723   2.223  1.00 H
 98.513  -5.227   3.322  1.00 H
102.458  -8.068   4.305  1.00 H
 98.586  -6.569   5.406  1.00 H
100.558  -7.991   5.897  1.00 H
103.297  -4.312   0.979  1.00 N
104.760  -4.539   1.206  1.00 C
105.446  -3.235   1.618  1.00 C
106.331  -3.221   2.444  1.00 O
105.318  -5.034  -0.133  1.00 C
104.650  -6.227  -0.508  1.00 O
106.812  -5.331   0.016  1.00 C
102.896  -4.527   0.109  1.00 H
104.900  -5.300   1.956  1.00 H
105.176  -4.280  -0.890  1.00 H
104.573  -6.235  -1.465  1.00 H
107.303  -4.487   0.474  1.00 H
107.242  -5.516  -0.957  1.00 H
106.941  -6.206   0.639  1.00 H
105.045  -2.151   1.023  1.00 N
105.673  -0.840   1.363  1.00 C
105.277  -0.393   2.772  1.00 C
106.084   0.148   3.508  1.00 O
105.140   0.146   0.332  1.00 C
105.740  -0.166  -1.041  1.00 C
105.198   0.831  -2.067  1.00 C
105.791   0.527  -3.444  1.00 C
105.136   1.499  -4.364  1.00 N
104.329  -2.205   0.356  1.00 H
106.743  -0.914   1.287  1.00 H
104.065   0.062   0.286  1.00 H
105.412   1.150   0.622  1.00 H
106.816  -0.085  -0.990  1.00 H
105.467  -1.167  -1.334  1.00 H
104.122   0.750  -2.112  1.00 H
105.472   1.833  -1.774  1.00 H
106.863   0.678  -3.434  1.00 H
105.554  -0.482  -3.743  1.00 H
105.309   2.467  -4.026  1.00 H
104.112   1.320  -4.384  1.00 H
105.527   1.389  -5.322  1.00 H
104.043  -0.601   3.146  1.00 N
103.589  -0.172   4.505  1.00 C
104.214  -1.035   5.610  1.00 C
104.628  -0.526   6.635  1.00 O
102.065  -0.331   4.482  1.00 C
101.468   0.072   5.834  1.00 C
101.622   1.580   6.046  1.00 C
 99.983  -0.303   5.859  1.00 C
103.412  -1.043   2.539  1.00 H
103.848   0.858   4.662  1.00 H
101.654   0.301   3.707  1.00 H
101.819  -1.359   4.274  1.00 H
101.984  -0.455   6.623  1.00 H
100.684   2.073   5.836  1.00 H
102.384   1.964   5.386  1.00 H
101.905   1.771   7.071  1.00 H
 99.495   0.106   4.985  1.00 H
 99.525   0.101   6.749  1.00 H
 99.883  -1.378   5.857  1.00 H
104.259  -2.330   5.429  1.00 N
104.828  -3.218   6.498  1.00 C
106.304  -3.515   6.234  1.00 C
107.106  -3.599   7.146  1.00 O
103.995  -4.506   6.432  1.00 C
104.466  -5.492   7.507  1.00 C
102.518  -4.176   6.672  1.00 C
103.895  -2.733   4.610  1.00 H
104.708  -2.762   7.464  1.00 H
104.110  -4.955   5.458  1.00 H
103.903  -5.331   8.415  1.00 H
105.516  -5.343   7.704  1.00 H
104.306  -6.504   7.161  1.00 H
102.033  -3.987   5.726  1.00 H
102.442  -3.299   7.298  1.00 H
102.037  -5.011   7.161  1.00 H
106.658  -3.687   4.995  1.00 N
108.071  -3.995   4.637  1.00 C
108.114  -5.298   3.838  1.00 C
108.987  -5.504   3.017  1.00 O
105.984  -3.622   4.289  1.00 H
108.475  -3.190   4.037  1.00 H
108.655  -4.108   5.536  1.00 H
107.168  -6.176   4.066  1.00 N
107.140  -7.465   3.317  1.00 C
105.719  -8.036   3.304  1.00 C
104.851  -7.570   4.019  1.00 O
108.084  -8.391   4.082  1.00 C
107.515  -8.701   5.347  1.00 O
106.472  -5.983   4.728  1.00 H
107.499  -7.321   2.311  1.00 H
108.227  -9.302   3.525  1.00 H
109.039  -7.898   4.215  1.00 H
107.997  -9.445   5.714  1.00 H
105.478  -9.043   2.501  1.00 N
104.109  -9.648   2.447  1.00 C
104.026 -10.891   3.346  1.00 C
103.048 -11.615   3.325  1.00 O
103.876 -10.037   0.981  1.00 C
104.789 -11.064   0.611  1.00 O
104.075  -8.819   0.075  1.00 C
106.195  -9.403   1.939  1.00 H
103.380  -8.923   2.754  1.00 H
102.865 -10.399   0.864  1.00 H
105.660 -10.672   0.514  1.00 H
103.421  -8.021   0.397  1.00 H
103.843  -9.086  -0.945  1.00 H
105.101  -8.489   0.137  1.00 H
105.043 -11.142   4.131  1.00 N
105.033 -12.337   5.031  1.00 C
104.015 -12.147   6.160  1.00 C
103.457 -13.099   6.671  1.00 O
106.450 -12.425   5.598  1.00 C
107.418 -12.842   4.486  1.00 C
108.871 -12.778   4.986  1.00 C
109.080 -12.420   6.136  1.00 O
109.754 -13.096   4.206  1.00 O
105.813 -10.543   4.131  1.00 H
104.808 -13.228   4.470  1.00 H
106.741 -11.464   5.985  1.00 H
106.477 -13.160   6.389  1.00 H
107.191 -13.849   4.177  1.00 H
107.304 -12.174   3.645  1.00 H
103.780 -10.921   6.556  1.00 N
102.807 -10.658   7.664  1.00 C
101.417 -11.174   7.291  1.00 C
100.718 -11.731   8.117  1.00 O
102.788  -9.136   7.831  1.00 C
104.252 -10.174   6.131  1.00 H
103.142 -11.121   8.577  1.00 H
102.152  -8.872   8.662  1.00 H
102.410  -8.680   6.928  1.00 H
103.792  -8.782   8.019  1.00 H
101.013 -10.996   6.060  1.00 N
 99.666 -11.479   5.635  1.00 C
 98.597 -10.494   6.107  1.00 C
 98.169  -9.629   5.366  1.00 O
101.596 -10.546   5.414  1.00 H
 99.635 -11.561   4.559  1.00 H
 99.477 -12.446   6.073  1.00 H
 98.165 -10.620   7.338  1.00 N
 97.123  -9.692   7.865  1.00 C
 97.564  -9.115   9.210  1.00 C
 98.014  -9.835  10.083  1.00 O
 95.874 -10.547   8.040  1.00 C
 94.657  -9.640   8.216  1.00 C
 93.444 -10.493   8.579  1.00 C
 92.262  -9.640   8.275  1.00 N
 91.108 -10.193   8.027  1.00 C
 90.848 -10.655   6.834  1.00 N
 90.213 -10.289   8.973  1.00 N
 98.530 -11.323   7.914  1.00 H
 96.933  -8.907   7.162  1.00 H
 95.738 -11.170   7.169  1.00 H
 95.985 -11.166   8.915  1.00 H
 94.848  -8.927   9.007  1.00 H
 94.462  -9.113   7.295  1.00 H
 93.427 -11.393   7.979  1.00 H
 93.463 -10.739   9.628  1.00 H
 92.353  -8.664   8.258  1.00 H
 91.534 -10.584   6.110  1.00 H
 89.963 -11.080   6.644  1.00 H
 90.413  -9.937   9.887  1.00 H
 89.329 -10.714   8.782  1.00 H
 97.438  -7.823   9.386  1.00 N
 97.852  -7.202  10.681  1.00 C
 96.657  -6.516  11.347  1.00 C
 96.045  -5.630  10.790  1.00 O
 98.933  -6.180  10.303  1.00 C
 99.439  -5.472  11.563  1.00 C
100.102  -6.902   9.624  1.00 C
 97.071  -7.265   8.668  1.00 H
 98.265  -7.947  11.340  1.00 H
 98.516  -5.451   9.625  1.00 H
 99.604  -6.199  12.344  1.00 H
 98.704  -4.752  11.891  1.00 H
100.366  -4.964  11.342  1.00 H
100.127  -7.932   9.949  1.00 H
101.029  -6.417   9.891  1.00 H
 99.973  -6.866   8.553  1.00 H
 96.319  -6.949  12.531  1.00 N
 95.154  -6.362  13.259  1.00 C
 95.542  -5.078  13.999  1.00 C
 96.694  -4.695  14.053  1.00 O
 94.728  -7.452  14.251  1.00 C
 95.864  -7.769  15.237  1.00 C
 96.987  -7.358  14.986  1.00 O
 95.587  -8.419  16.231  1.00 O
 96.822  -7.690  12.929  1.00 H
 94.345  -6.164  12.582  1.00 H
 93.866  -7.111  14.801  1.00 H
 94.470  -8.348  13.707  1.00 H
 94.569  -4.422  14.586  1.00 N
 94.829  -3.161  15.358  1.00 C
 95.451  -2.067  14.480  1.00 C
 96.340  -1.353  14.904  1.00 O
 95.793  -3.553  16.485  1.00 C
 95.815  -2.449  17.544  1.00 C
 94.779  -1.974  17.965  1.00 O
 96.961  -2.019  17.996  1.00 N
 93.653  -4.772  14.526  1.00 H
 93.914  -2.799  15.788  1.00 H
 95.463  -4.479  16.934  1.00 H
 96.784  -3.680  16.081  1.00 H
 97.796  -2.402  17.657  1.00 H
 96.985  -1.312  18.674  1.00 H
 94.983  -1.932  13.267  1.00 N
 95.541  -0.874  12.366  1.00 C
 94.769   0.432  12.555  1.00 C
 93.556   0.453  12.473  1.00 O
 95.365  -1.398  10.943  1.00 C
 95.920  -0.375   9.943  1.00 C
 96.109  -2.728  10.790  1.00 C
 94.268  -2.532  12.969  1.00 H
 96.585  -0.734  12.580  1.00 H
 94.315  -1.547  10.749  1.00 H
 95.521   0.604  10.174  1.00 H
 95.629  -0.656   8.941  1.00 H
 96.996  -0.351  10.013  1.00 H
 96.808  -2.851  11.605  1.00 H
 96.644  -2.740   9.853  1.00 H
 95.395  -3.535  10.805  1.00 H
 95.457   1.518  12.811  1.00 N
 94.737   2.811  13.004  1.00 C
 94.482   3.471  11.649  1.00 C
 95.321   3.472  10.770  1.00 O
 95.632   3.673  13.893  1.00 C
 94.895   4.961  14.270  1.00 C
 93.682   5.024  14.212  1.00 O
 95.583   6.002  14.655  1.00 N
 96.437   1.479  12.875  1.00 H
 93.795   2.614  13.484  1.00 H
 95.882   3.125  14.790  1.00 H
 96.534   3.921  13.357  1.00 H
 96.561   5.953  14.701  1.00 H
 95.122   6.831  14.897  1.00 H
 93.309   4.017  11.485  1.00 N
 92.944   4.676  10.195  1.00 C
 92.269   6.027  10.448  1.00 C
 91.471   6.176  11.354  1.00 O
 91.961   3.706   9.521  1.00 C
 90.791   3.421  10.439  1.00 C
 90.894   2.413  11.406  1.00 C
 89.607   4.159  10.323  1.00 C
 89.815   2.144  12.255  1.00 C
 88.527   3.889  11.173  1.00 C
 88.632   2.882  12.140  1.00 C
 87.569   2.616  12.979  1.00 O
 92.663   3.989  12.219  1.00 H
 93.813   4.796   9.568  1.00 H
 91.596   4.148   8.605  1.00 H
 92.470   2.781   9.292  1.00 H
 91.807   1.843  11.495  1.00 H
 89.526   4.936   9.577  1.00 H
 89.897   1.366  13.001  1.00 H
 87.614   4.459  11.084  1.00 H
 87.216   3.454  13.286  1.00 H
 92.585   7.009   9.642  1.00 N
 91.970   8.361   9.813  1.00 C
 91.703   8.990   8.442  1.00 C
 92.445   8.785   7.501  1.00 O
 92.993   9.185  10.602  1.00 C
 93.188   8.560  11.985  1.00 C
 94.333   9.207   9.859  1.00 C
 93.229   6.854   8.919  1.00 H
 91.051   8.283  10.372  1.00 H
 92.626  10.195  10.715  1.00 H
 92.262   8.112  12.312  1.00 H
 93.485   9.326  12.687  1.00 H
 93.956   7.803  11.933  1.00 H
 94.717   8.201   9.779  1.00 H
 95.036   9.820  10.403  1.00 H
 94.189   9.616   8.869  1.00 H
 90.637   9.740   8.322  1.00 N
 90.298  10.375   7.012  1.00 C
 91.041  11.701   6.841  1.00 C
 91.195  12.463   7.776  1.00 O
 88.793  10.625   7.079  1.00 C
 88.270  11.012   5.695  1.00 C
 86.735  11.019   5.701  1.00 C
 86.112  10.739   6.708  1.00 O
 86.095  11.324   4.605  1.00 N
 90.047   9.877   9.093  1.00 H
 90.525   9.715   6.192  1.00 H
 88.300   9.731   7.411  1.00 H
 88.592  11.427   7.774  1.00 H
 88.632  11.996   5.440  1.00 H
 88.621  10.297   4.966  1.00 H
 86.594  11.545   3.791  1.00 H
 85.112  11.330   4.597  1.00 H
 91.491  11.981   5.643  1.00 N
 92.215  13.260   5.392  1.00 C
 91.725  13.895   4.084  1.00 C
 90.905  13.333   3.384  1.00 O
 93.698  12.891   5.296  1.00 C
 94.170  12.310   6.630  1.00 C
 93.909  11.857   4.184  1.00 C
 91.344  11.352   4.908  1.00 H
 92.053  13.924   6.224  1.00 H
 94.272  13.780   5.073  1.00 H
 93.839  12.947   7.437  1.00 H
 95.248  12.252   6.637  1.00 H
 93.755  11.321   6.759  1.00 H
 94.922  11.485   4.225  1.00 H
 93.734  12.320   3.224  1.00 H
 93.219  11.038   4.319  1.00 H
 92.223  15.060   3.752  1.00 N
 91.787  15.735   2.487  1.00 C
 92.154  14.882   1.267  1.00 C
 93.131  14.160   1.272  1.00 O
 92.546  17.065   2.458  1.00 C
 92.005  18.002   3.545  1.00 C
 90.863  17.831   3.943  1.00 O
 92.743  18.881   3.958  1.00 O
 92.883  15.490   4.335  1.00 H
 90.727  15.922   2.510  1.00 H
 93.594  16.880   2.633  1.00 H
 92.421  17.529   1.492  1.00 H
 91.372  14.969   0.218  1.00 N
 91.656  14.174  -1.021  1.00 C
 93.027  14.532  -1.600  1.00 C
 93.746  13.677  -2.081  1.00 O
 90.554  14.570  -2.007  1.00 C
 90.740  13.812  -3.329  1.00 C
 89.379  13.445  -3.919  1.00 C
 91.493  14.703  -4.319  1.00 C
 90.593  15.565   0.239  1.00 H
 91.594  13.120  -0.818  1.00 H
 89.591  14.327  -1.584  1.00 H
 90.611  15.630  -2.190  1.00 H
 91.309  12.911  -3.150  1.00 H
 89.015  12.543  -3.449  1.00 H
 89.483  13.281  -4.982  1.00 H
 88.682  14.251  -3.746  1.00 H
 91.236  14.417  -5.328  1.00 H
 92.556  14.588  -4.171  1.00 H
 91.217  15.735  -4.156  1.00 H
 93.381  15.792  -1.585  1.00 N
 94.698  16.219  -2.163  1.00 C
 95.843  15.377  -1.590  1.00 C
 96.767  15.021  -2.290  1.00 O
 94.856  17.684  -1.753  1.00 C
 95.971  18.245  -2.435  1.00 O
 92.768  16.460  -1.210  1.00 H
 94.676  16.141  -3.238  1.00 H
 93.968  18.233  -2.016  1.00 H
 95.009  17.742  -0.683  1.00 H
 95.720  19.117  -2.747  1.00 H
 95.786  15.063  -0.325  1.00 N
 96.869  14.244   0.310  1.00 C
 96.983  12.865  -0.350  1.00 C
 98.071  12.371  -0.566  1.00 O
 96.469  14.110   1.781  1.00 C
 96.618  15.467   2.476  1.00 C
 97.339  16.328   2.010  1.00 O
 95.963  15.696   3.581  1.00 N
 95.032  15.370   0.218  1.00 H
 97.809  14.757   0.238  1.00 H
 95.443  13.784   1.843  1.00 H
 97.110  13.387   2.264  1.00 H
 95.382  15.004   3.958  1.00 H
 96.052  16.561   4.033  1.00 H
 95.879  12.248  -0.680  1.00 N
 95.939  10.905  -1.343  1.00 C
 96.669  11.012  -2.682  1.00 C
 97.545  10.224  -2.986  1.00 O
 94.481  10.494  -1.576  1.00 C
 93.945   9.370  -0.262  1.00 S
 95.012  12.679  -0.518  1.00 H
 96.430  10.179  -0.713  1.00 H
 93.855  11.374  -1.573  1.00 H
 94.396   9.996  -2.532  1.00 H
 96.304  11.974  -3.485  1.00 N
 96.962  12.133  -4.818  1.00 C
 98.423  12.562  -4.649  1.00 C
 99.295  12.101  -5.363  1.00 O
 96.145  13.213  -5.539  1.00 C
 94.708  12.725  -5.718  1.00 C
 96.747  13.507  -6.914  1.00 C
 93.845  13.870  -6.251  1.00 C
 95.582  12.582  -3.217  1.00 H
 96.907  11.210  -5.367  1.00 H
 96.145  14.112  -4.947  1.00 H
 94.695  11.906  -6.421  1.00 H
 94.317  12.394  -4.768  1.00 H
 95.996  13.965  -7.540  1.00 H
 97.081  12.586  -7.365  1.00 H
 97.584  14.181  -6.804  1.00 H
 94.149  14.109  -7.260  1.00 H
 93.970  14.738  -5.622  1.00 H
 92.808  13.568  -6.251  1.00 H
 98.696  13.438  -3.717  1.00 N
100.105  13.898  -3.508  1.00 C
100.982  12.741  -3.018  1.00 C
102.120  12.600  -3.422  1.00 O
100.017  14.992  -2.445  1.00 C
 99.340  16.227  -3.042  1.00 C
 99.438  16.474  -4.227  1.00 O
 98.653  17.018  -2.265  1.00 N
 97.972  13.796  -3.156  1.00 H
100.503  14.308  -4.421  1.00 H
 99.440  14.631  -1.609  1.00 H
101.012  15.252  -2.113  1.00 H
 98.574  16.818  -1.308  1.00 H
 98.215  17.812  -2.637  1.00 H
100.458  11.921  -2.145  1.00 N
101.250  10.774  -1.610  1.00 C
101.461   9.725  -2.702  1.00 C
102.565   9.263  -2.924  1.00 O
 99.541  12.064  -1.834  1.00 H
102.210  11.132  -1.265  1.00 H
100.716  10.326  -0.786  1.00 H
100.409   9.339  -3.376  1.00 N
100.539   8.305  -4.452  1.00 C
101.497   8.784  -5.547  1.00 C
102.294   8.020  -6.058  1.00 O
 99.127   8.130  -5.016  1.00 C
 99.530   9.722  -3.168  1.00 H
100.884   7.372  -4.034  1.00 H
 99.085   7.224  -5.603  1.00 H
 98.882   8.976  -5.641  1.00 H
 98.421   8.066  -4.203  1.00 H
101.423  10.039  -5.910  1.00 N
102.329  10.568  -6.972  1.00 C
103.586  11.175  -6.343  1.00 C
104.670  10.751  -6.709  1.00 O
101.516  11.645  -7.694  1.00 C
100.279  11.012  -8.334  1.00 C
 99.165  11.381  -8.024  1.00 O
100.430  10.067  -9.222  1.00 N
103.443  12.050  -5.506  1.00 O
100.773  10.634  -5.484  1.00 H
102.595   9.785  -7.662  1.00 H
101.210  12.399  -6.984  1.00 H
102.125  12.100  -8.463  1.00 H
101.330   9.769  -9.474  1.00 H
 99.644   9.656  -9.638  1.00 H
 91.752  -2.469  14.090  1.00 N
 91.255  -3.209  12.885  1.00 C
 92.394  -4.013  12.243  1.00 C
 93.555  -3.820  12.561  1.00 O
 90.747  -2.139  11.910  1.00 C
 89.551  -1.407  12.521  1.00 C
 91.866  -1.135  11.617  1.00 C
 92.667  -2.121  14.103  1.00 H
 90.447  -3.857  13.167  1.00 H
 90.438  -2.614  10.987  1.00 H
 88.921  -2.116  13.036  1.00 H
 88.986  -0.926  11.736  1.00 H
 89.904  -0.663  13.221  1.00 H
 91.813  -0.828  10.583  1.00 H
 92.822  -1.598  11.806  1.00 H
 91.752  -0.271  12.255  1.00 H
 92.068  -4.921  11.355  1.00 N
 93.124  -5.748  10.693  1.00 C
 93.213  -5.422   9.199  1.00 C
 92.221  -5.169   8.544  1.00 O
 92.688  -7.194  10.909  1.00 C
 92.605  -7.454  12.305  1.00 O
 91.124  -5.078  11.140  1.00 H
 94.076  -5.585  11.156  1.00 H
 91.723  -7.352  10.460  1.00 H
 93.412  -7.855  10.454  1.00 H
 91.676  -7.500  12.544  1.00 H
 94.408  -5.426   8.667  1.00 N
 94.604  -5.117   7.218  1.00 C
 95.125  -6.343   6.465  1.00 C
 95.829  -7.162   7.015  1.00 O
 95.657  -4.000   7.183  1.00 C
 96.963  -4.471   7.838  1.00 C
 95.132  -2.777   7.935  1.00 C
 98.103  -3.537   7.428  1.00 C
 95.185  -5.632   9.227  1.00 H
 93.699  -4.760   6.759  1.00 H
 95.850  -3.727   6.155  1.00 H
 96.854  -4.454   8.912  1.00 H
 97.193  -5.475   7.515  1.00 H
 94.444  -2.235   7.302  1.00 H
 95.960  -2.137   8.196  1.00 H
 94.623  -3.095   8.832  1.00 H
 98.453  -3.809   6.442  1.00 H
 98.916  -3.626   8.135  1.00 H
 97.746  -2.517   7.415  1.00 H
 94.793  -6.460   5.206  1.00 N
 95.272  -7.612   4.389  1.00 C
 95.472  -7.139   2.950  1.00 C
 95.341  -5.963   2.663  1.00 O
 94.154  -8.653   4.456  1.00 C
 92.898  -8.000   4.323  1.00 O
 94.231  -5.783   4.774  1.00 H
 96.188  -8.015   4.793  1.00 H
 94.271  -9.361   3.649  1.00 H
 94.203  -9.175   5.402  1.00 H
 92.859  -7.610   3.447  1.00 H
 95.766  -8.032   2.042  1.00 N
 95.941  -7.610   0.621  1.00 C
 95.362  -8.667  -0.320  1.00 C
 95.287  -9.833   0.021  1.00 O
 97.450  -7.447   0.414  1.00 C
 98.168  -8.745   0.697  1.00 C
 98.381  -9.666  -0.335  1.00 C
 98.631  -9.023   1.989  1.00 C
 99.055 -10.865  -0.076  1.00 C
 99.307 -10.220   2.248  1.00 C
 99.519 -11.141   1.215  1.00 C
100.188 -12.321   1.471  1.00 O
 95.849  -8.974   2.287  1.00 H
 95.452  -6.663   0.475  1.00 H
 97.638  -7.152  -0.609  1.00 H
 97.820  -6.681   1.080  1.00 H
 98.022  -9.452  -1.332  1.00 H
 98.468  -8.313   2.787  1.00 H
 99.219 -11.576  -0.873  1.00 H
 99.666 -10.433   3.243  1.00 H
101.130 -12.138   1.456  1.00 H
 94.943  -8.271  -1.499  1.00 N
 94.360  -9.261  -2.454  1.00 C
 94.976  -9.079  -3.860  1.00 C
 95.306  -7.974  -4.242  1.00 O
 92.867  -8.947  -2.459  1.00 C
 92.070 -10.239  -2.644  1.00 C
 91.827 -10.606  -3.781  1.00 O
 91.714 -10.838  -1.642  1.00 O
 95.001  -7.326  -1.756  1.00 H
 94.526 -10.258  -2.090  1.00 H
 92.595  -8.488  -1.520  1.00 H
 92.647  -8.270  -3.264  1.00 H
 95.139 -10.174  -4.583  1.00 N
 95.751 -10.111  -5.936  1.00 C
 94.721  -9.860  -7.058  1.00 C
 94.727 -10.544  -8.064  1.00 O
 96.369 -11.497  -6.093  1.00 C
 95.578 -12.407  -5.194  1.00 C
 94.793 -11.556  -4.222  1.00 C
 96.529  -9.366  -5.963  1.00 H
 96.294 -11.826  -7.121  1.00 H
 97.402 -11.483  -5.780  1.00 H
 94.900 -13.004  -5.789  1.00 H
 96.248 -13.053  -4.649  1.00 H
 93.732 -11.728  -4.343  1.00 H
 95.100 -11.764  -3.210  1.00 H
 93.865  -8.873  -6.922  1.00 N
 92.875  -8.583  -8.025  1.00 C
 92.815  -7.074  -8.328  1.00 C
 92.018  -6.635  -9.134  1.00 O
 91.490  -9.142  -7.594  1.00 C
 90.737  -8.162  -6.674  1.00 C
 91.655 -10.486  -6.880  1.00 C
 91.567  -7.870  -5.428  1.00 C
 93.888  -8.314  -6.121  1.00 H
 93.190  -9.082  -8.928  1.00 H
 90.899  -9.302  -8.485  1.00 H
 90.554  -7.240  -7.208  1.00 H
 89.794  -8.599  -6.380  1.00 H
 92.274 -10.352  -6.006  1.00 H
 92.127 -11.189  -7.550  1.00 H
 90.686 -10.859  -6.585  1.00 H
 92.035  -8.782  -5.087  1.00 H
 90.927  -7.481  -4.650  1.00 H
 92.329  -7.142  -5.666  1.00 H
 93.666  -6.287  -7.718  1.00 N
 93.674  -4.827  -8.002  1.00 C
 94.990  -4.448  -8.682  1.00 C
 95.798  -3.699  -8.179  1.00 O
 93.474  -4.107  -6.667  1.00 C
 92.036  -4.243  -6.226  1.00 C
 91.004  -3.818  -7.070  1.00 C
 91.733  -4.795  -4.975  1.00 C
 89.671  -3.943  -6.664  1.00 C
 90.399  -4.919  -4.569  1.00 C
 89.369  -4.495  -5.415  1.00 C
 88.058  -4.617  -5.015  1.00 O
 94.321  -6.658  -7.099  1.00 H
 92.924  -4.553  -8.716  1.00 H
 94.117  -4.549  -5.920  1.00 H
 93.717  -3.061  -6.780  1.00 H
 91.237  -3.390  -8.034  1.00 H
 92.529  -5.125  -4.322  1.00 H
 88.874  -3.615  -7.315  1.00 H
 90.161  -5.343  -3.605  1.00 H
 87.775  -5.518  -5.191  1.00 H
 95.147  -4.938  -9.882  1.00 N
 96.343  -4.616 -10.712  1.00 C
 95.952  -3.572 -11.758  1.00 C
 94.801  -3.199 -11.884  1.00 O
 96.781  -5.929 -11.361  1.00 C
 94.437  -5.507 -10.258  1.00 H
 97.147  -4.174 -10.144  1.00 H
 95.908  -6.486 -11.668  1.00 H
 97.346  -6.511 -10.648  1.00 H
 97.396  -5.718 -12.222  1.00 H
 96.928  -3.045 -12.446  1.00 N
 96.669  -1.948 -13.428  1.00 C
 95.706  -2.342 -14.553  1.00 C
 94.996  -1.487 -15.056  1.00 O
 98.039  -1.589 -14.006  1.00 C
 97.851  -3.328 -12.276  1.00 H
 96.270  -1.099 -12.898  1.00 H
 98.091  -0.523 -14.174  1.00 H
 98.182  -2.109 -14.942  1.00 H
 98.811  -1.882 -13.310  1.00 H
 95.683  -3.579 -15.004  1.00 N
 94.765  -3.901 -16.145  1.00 C
 93.368  -4.316 -15.665  1.00 C
 92.564  -4.804 -16.437  1.00 O
 95.446  -5.029 -16.919  1.00 C
 96.689  -4.492 -17.634  1.00 C
 96.704  -3.317 -17.965  1.00 O
 97.606  -5.270 -17.845  1.00 O
 96.277  -4.269 -14.640  1.00 H
 94.702  -3.019 -16.748  1.00 H
 95.735  -5.808 -16.231  1.00 H
 94.757  -5.428 -17.648  1.00 H
 93.071  -4.124 -14.407  1.00 N
 91.725  -4.501 -13.878  1.00 C
 90.669  -3.523 -14.392  1.00 C
 90.786  -2.324 -14.216  1.00 O
 91.847  -4.387 -12.356  1.00 C
 90.511  -4.754 -11.699  1.00 C
 90.252  -6.253 -11.874  1.00 C
 90.557  -4.403 -10.207  1.00 C
 93.729  -3.732 -13.803  1.00 H
 91.456  -5.512 -14.142  1.00 H
 92.618  -5.059 -12.006  1.00 H
 92.109  -3.372 -12.092  1.00 H
 89.716  -4.199 -12.172  1.00 H
 90.166  -6.481 -12.926  1.00 H
 89.336  -6.520 -11.370  1.00 H
 91.074  -6.812 -11.450  1.00 H
 91.545  -4.055  -9.947  1.00 H
 90.315  -5.275  -9.617  1.00 H
 89.840  -3.622 -10.002  1.00 H
 89.642  -4.030 -15.018  1.00 N
 88.575  -3.130 -15.536  1.00 C
 87.788  -2.550 -14.359  1.00 C
 87.462  -3.240 -13.412  1.00 O
 87.690  -3.998 -16.426  1.00 C
 88.413  -4.362 -17.594  1.00 O
 89.581  -5.001 -15.140  1.00 H
 89.020  -2.330 -16.102  1.00 H
 87.405  -4.888 -15.892  1.00 H
 86.801  -3.443 -16.699  1.00 H
 87.837  -4.235 -18.352  1.00 H
 87.510  -1.278 -14.411  1.00 N
 86.767  -0.611 -13.293  1.00 C
 85.335  -1.148 -13.164  1.00 C
 84.686  -0.941 -12.156  1.00 O
 86.745   0.876 -13.654  1.00 C
 88.164   1.448 -13.583  1.00 C
 88.742   1.433 -11.868  1.00 S
 87.645   2.732 -11.248  1.00 C
 87.813  -0.751 -15.180  1.00 H
 87.297  -0.751 -12.365  1.00 H
 86.357   0.998 -14.654  1.00 H
 86.114   1.406 -12.956  1.00 H
 88.825   0.845 -14.190  1.00 H
 88.163   2.462 -13.954  1.00 H
 87.020   2.329 -10.463  1.00 H
 87.028   3.096 -12.057  1.00 H
 88.233   3.545 -10.854  1.00 H
 84.825  -1.815 -14.170  1.00 N
 83.426  -2.341 -14.099  1.00 C
 83.334  -3.551 -13.166  1.00 C
 82.249  -3.994 -12.839  1.00 O
 85.353  -1.957 -14.983  1.00 H
 82.776  -1.564 -13.728  1.00 H
 83.106  -2.631 -15.088  1.00 H
 84.444  -4.108 -12.750  1.00 N
 84.393  -5.305 -11.861  1.00 C
 84.370  -4.919 -10.375  1.00 C
 84.251  -5.779  -9.522  1.00 O
 85.661  -6.089 -12.188  1.00 C
 85.639  -6.469 -13.558  1.00 O
 85.309  -3.759 -13.041  1.00 H
 83.533  -5.901 -12.102  1.00 H
 86.523  -5.469 -12.008  1.00 H
 85.715  -6.968 -11.559  1.00 H
 86.075  -5.781 -14.065  1.00 H
 84.493  -3.653 -10.046  1.00 N
 84.485  -3.260  -8.604  1.00 C
 83.107  -2.714  -8.205  1.00 C
 82.262  -2.469  -9.044  1.00 O
 85.575  -2.185  -8.480  1.00 C
 85.240  -0.985  -9.377  1.00 C
 85.681  -1.722  -7.026  1.00 C
 84.602  -2.968 -10.733  1.00 H
 84.735  -4.117  -8.001  1.00 H
 86.520  -2.602  -8.789  1.00 H
 85.414  -0.066  -8.837  1.00 H
 84.204  -1.035  -9.679  1.00 H
 85.869  -1.009 -10.255  1.00 H
 85.552  -2.568  -6.369  1.00 H
 84.913  -0.992  -6.826  1.00 H
 86.651  -1.280  -6.858  1.00 H
 82.874  -2.534  -6.928  1.00 N
 81.549  -2.014  -6.462  1.00 C
 81.279  -0.632  -7.066  1.00 C
 80.171  -0.323  -7.449  1.00 O
 81.657  -1.924  -4.934  1.00 C
 83.571  -2.750  -6.275  1.00 H
 80.763  -2.701  -6.734  1.00 H
 82.602  -2.334  -4.611  1.00 H
 80.852  -2.486  -4.484  1.00 H
 81.589  -0.892  -4.624  1.00 H
 82.283   0.199  -7.141  1.00 N
 82.088   1.566  -7.718  1.00 C
 82.049   1.485  -9.254  1.00 C
 82.953   1.940  -9.931  1.00 O
 83.312   2.367  -7.243  1.00 C
 82.788   3.984  -6.609  1.00 S
 83.163  -0.078  -6.810  1.00 H
 81.182   2.016  -7.334  1.00 H
 83.812   1.823  -6.455  1.00 H
 83.994   2.510  -8.067  1.00 H
 81.011   0.901  -9.809  1.00 N
 80.912   0.777 -11.295  1.00 C
 79.835   1.712 -11.847  1.00 C
 78.654   1.521 -11.632  1.00 O
 80.542  -0.682 -11.553  1.00 C
 81.729  -1.439 -11.746  1.00 O
 80.298   0.537  -9.246  1.00 H
 81.864   0.996 -11.749  1.00 H
 80.007  -1.074 -10.706  1.00 H
 79.916  -0.744 -12.433  1.00 H
 81.510  -2.368 -11.636  1.00 H
 80.247   2.722 -12.555  1.00 N
 79.300   3.710 -13.152  1.00 C
 78.298   4.233 -12.104  1.00 C
 78.655   4.473 -10.966  1.00 O
 78.629   2.981 -14.318  1.00 C
 78.232   3.993 -15.399  1.00 C
 78.170   5.180 -15.149  1.00 O
 77.960   3.566 -16.602  1.00 N
 81.200   2.850 -12.699  1.00 H
 79.868   4.549 -13.506  1.00 H
 79.316   2.259 -14.735  1.00 H
 77.745   2.476 -13.962  1.00 H
 78.011   2.608 -16.805  1.00 H
 77.707   4.205 -17.302  1.00 H
 77.059   4.432 -12.473  1.00 N
 76.072   4.966 -11.492  1.00 C
 76.508   6.382 -11.105  1.00 C
 77.125   7.083 -11.885  1.00 O
 76.779   4.223 -13.379  1.00 H
 75.090   4.994 -11.940  1.00 H
 76.057   4.342 -10.611  1.00 H
 76.193   6.803  -9.912  1.00 N
 76.589   8.175  -9.466  1.00 C
